1.000000
0.279011
-0.844239
-0.750480
0.424582
0.988089
0.129760
-0.914917
-0.645536
0.549569
0.957233
-0.003944
-0.959102
-0.547514
0.642226
0.920410
-0.103907
-0.980962
-0.476846
0.696071
0.894374
-0.154559
-0.987863
-0.452688
0.706409
0.893868
-0.141882
-0.983246
-0.490122
0.664096
0.924708
-0.051167
-0.957714
-0.596139
0.549163
0.974438
0.131917
-0.879766
-0.759724
0.329723
0.999183
0.409136
-0.691432
-0.931307
-0.022783
0.911692
0.737370
-0.324658
-0.996335
-0.485852
0.594198
0.979366
0.232793
-0.778108
-0.904065
-0.014352
0.888689
0.810126
-0.151632
-0.946614
-0.727721
0.259642
0.972056
0.676574
-0.309775
-0.979173
-0.667308
0.302460
0.973089
0.702733
-0.235638
-0.948335
-0.777490
0.104979
0.888384
0.875458
0.092152
-0.767208
-0.965600
-0.348337
0.555262
0.998981
0.633856
-0.233143
-0.912572
-0.884531
-0.185509
0.647730
0.999851
0.627101
-0.188957
-0.867537
-0.945476
-0.384415
0.427799
0.955345
0.867357
0.234640
-0.538186
-0.979005
-0.834223
-0.203834
0.538186
0.972082
0.867357
0.295492
-0.427799
-0.923160
-0.945476
-0.497373
0.188957
0.778938
0.999851
0.761870
0.185509
-0.466482
-0.912572
-0.972442
-0.633856
-0.045137
0.555262
0.937369
0.965600
0.641398
0.092152
-0.483294
-0.888384
-0.994474
-0.777490
-0.317270
0.235638
0.711454
0.973089
0.953162
0.667308
0.203029
-0.309775
-0.736375
-0.972056
-0.965705
-0.727721
-0.322368
0.151632
0.586256
0.888689
0.999897
0.904065
0.628130
0.232793
-0.202093
-0.594198
-0.874041
-0.996335
-0.945832
-0.737370
-0.410874
-0.022783
0.364235
0.691432
0.912473
0.999183
0.944078
0.759724
0.475408
0.131917
-0.224659
-0.549163
-0.802881
-0.957714
-0.998690
-0.924708
-0.747647
-0.490122
-0.182284
0.141882
0.448331
0.706409
0.891669
0.987863
0.987984
0.894374
0.717973
0.476846
0.194200
-0.103907
-0.390954
-0.642226
-0.836797
-0.959102
-0.999992
-0.957233
-0.835448
-0.645536
-0.403641
-0.129760
0.153883
0.424582
0.660893
0.844239
0.960288
1.000000
0.960288
0.844239
0.660893
0.424582
0.153883
-0.129760
-0.403641
-0.645536
-0.835448
-0.957233
-0.999992
-0.959102
-0.836797
-0.642226
-0.390954
-0.103907
0.194200
0.476846
0.717973
0.894374
0.987984
0.987863
0.891669
0.706409
0.448331
0.141882
-0.182284
-0.490122
-0.747647
-0.924708
-0.998690
-0.957714
-0.802881
-0.549163
-0.224659
0.131917
0.475408
0.759724
0.944078
0.999183
0.912473
0.691432
0.364235
-0.022783
-0.410874
-0.737370
-0.945832
-0.996335
-0.874041
-0.594198
-0.202093
0.232793
0.628130
0.904065
0.999897
0.888689
0.586256
0.151632
-0.322368
-0.727721
-0.965705
-0.972056
-0.736375
-0.309775
0.203029
0.667308
0.953162
0.973089
0.711454
0.235638
-0.317270
-0.777490
-0.994474
-0.888384
-0.483294
0.092152
0.641398
0.965600
0.937369
0.555262
-0.045137
-0.633856
-0.972442
-0.912572
-0.466482
0.185509
0.761870
0.999851
0.778938
0.188957
-0.497373
-0.945476
-0.923160
-0.427799
0.295492
0.867357
0.972082
0.538186
-0.203834
-0.834223
-0.979005
-0.538186
0.234640
0.867357
0.955345
0.427799
-0.384415
-0.945476
-0.867537
-0.188957
0.627101
0.999851
0.647730
-0.185509
-0.884531
-0.912572
-0.233143
0.633856
0.998981
0.555262
-0.348337
-0.965600
-0.767208
0.092152
0.875458
0.888384
0.104979
-0.777490
-0.948335
-0.235638
0.702733
0.973089
0.302460
-0.667308
-0.979173
-0.309775
0.676574
0.972056
0.259642
-0.727721
-0.946614
-0.151632
0.810126
0.888689
-0.014352
-0.904065
-0.778108
0.232793
0.979366
0.594198
-0.485852
-0.996335
-0.324658
0.737370
0.911692
-0.022783
-0.931307
-0.691432
0.409136
0.999183
0.329723
-0.759724
-0.879766
0.131917
0.974438
0.549163
-0.596139
-0.957714
-0.051167
0.924708
0.664096
-0.490122
-0.983246
-0.141882
0.893868
0.706409
-0.452688
-0.987863
-0.154559
0.894374
0.696071
-0.476846
-0.980962
-0.103907
0.920410
0.642226
-0.547514
-0.959102
-0.003944
0.957233
0.549569
-0.645536
-0.914917
0.129760
0.988089
0.424582
-0.750480
-0.844239
0.279011
