1.000000
0.784854
0.000000
-0.940272
-1.439534
-1.095459
-0.000000
1.250264
1.877333
1.404532
-0.000000
-1.558112
-2.311669
-1.710853
0.000000
1.862602
2.740829
2.013212
0.000000
-2.162532
-3.163119
-2.310416
0.000000
2.456718
3.576872
2.601293
-0.000000
-2.743999
-3.980455
-2.884695
0.000000
3.023241
4.372276
3.159502
-0.000000
-3.293343
-4.750788
-3.424631
0.000000
3.553238
5.114497
3.679035
-0.000000
-3.801900
-5.461968
-3.921711
0.000000
4.038349
5.791830
4.151699
-0.000000
-4.261651
-6.102780
-4.368094
0.000000
4.470924
6.393593
4.570040
-0.000000
-4.665344
-6.663119
-4.756741
0.000000
4.844142
6.910295
4.927460
0.000000
-5.006613
-7.134147
-5.081523
-0.000000
5.152117
7.333789
5.218323
0.000000
-5.280077
-7.508435
-5.337319
0.000000
5.389990
7.657396
5.438041
0.000000
-5.481422
-7.780082
-5.520092
-0.000000
5.554012
7.876011
5.583149
0.000000
-5.607474
-7.944803
-5.626963
0.000000
5.641596
7.986187
5.651359
-0.000000
-5.656244
-8.000000
-5.656244
-0.000000
5.651359
7.986187
5.641596
0.000000
-5.626963
-7.944803
-5.607474
0.000000
5.583149
7.876011
5.554012
0.000000
-5.520092
-7.780082
-5.481422
-0.000000
5.438041
7.657396
5.389990
0.000000
-5.337319
-7.508435
-5.280077
0.000000
5.218323
7.333789
5.152117
-0.000000
-5.081523
-7.134147
-5.006613
0.000000
4.927460
6.910295
4.844142
0.000000
-4.756741
-6.663119
-4.665344
0.000000
4.570040
6.393593
4.470924
-0.000000
-4.368094
-6.102780
-4.261651
-0.000000
4.151699
5.791830
4.038349
0.000000
-3.921711
-5.461968
-3.801900
0.000000
3.679035
5.114497
3.553238
-0.000000
-3.424631
-4.750788
-3.293343
0.000000
3.159502
4.372276
3.023241
0.000000
-2.884695
-3.980455
-2.743999
0.000000
2.601293
3.576872
2.456718
-0.000000
-2.310416
-3.163119
-2.162532
-0.000000
2.013212
2.740829
1.862602
-0.000000
-1.710853
-2.311669
-1.558112
-0.000000
1.404532
1.877333
1.250264
0.000000
-1.095459
-1.439534
-0.940272
0.000000
0.784854
1.000000
0.629360
0.000000
-0.473942
-0.560466
-0.318754
0.000000
0.163950
0.122667
0.009681
0.000000
0.143899
0.311669
0.296639
-0.000000
-0.448389
-0.740829
-0.598998
0.000000
0.748319
1.163119
0.896203
-0.000000
-1.042504
-1.576872
-1.187080
-0.000000
1.329785
1.980455
1.470481
0.000000
-1.609028
-2.372276
-1.745289
-0.000000
1.879129
2.750788
2.010418
0.000000
-2.139024
-3.114497
-2.264822
0.000000
2.387686
3.461968
2.507497
0.000000
-2.624135
-3.791830
-2.737486
0.000000
2.847437
4.102780
2.953880
0.000000
-3.056711
-4.393593
-3.155827
0.000000
3.251130
4.663119
3.342528
-0.000000
-3.429929
-4.910295
-3.513247
0.000000
3.592400
5.134147
3.667310
-0.000000
-3.737903
-5.333789
-3.804109
0.000000
3.865864
5.508435
3.923105
0.000000
-3.975777
-5.657396
-4.023827
-0.000000
4.067209
5.780082
4.105879
0.000000
-4.139799
-5.876011
-4.168936
-0.000000
4.193260
5.944803
4.212749
-0.000000
-4.227382
-5.986187
-4.237146
-0.000000
4.242030
6.000000
4.242030
-0.000000
-4.237146
-5.986187
-4.227382
-0.000000
4.212749
5.944803
4.193260
-0.000000
-4.168936
-5.876011
-4.139799
0.000000
4.105879
5.780082
4.067209
-0.000000
-4.023827
-5.657396
-3.975777
0.000000
3.923105
5.508435
3.865864
0.000000
-3.804109
-5.333789
-3.737903
-0.000000
3.667310
5.134147
3.592400
-0.000000
-3.513247
-4.910295
-3.429929
-0.000000
3.342528
4.663119
3.251130
0.000000
-3.155827
-4.393593
-3.056711
-0.000000
2.953880
4.102780
2.847437
-0.000000
-2.737486
-3.791830
-2.624135
0.000000
2.507497
3.461968
2.387686
-0.000000
-2.264822
-3.114497
-2.139024
-0.000000
2.010418
2.750788
1.879129
-0.000000
-1.745289
-2.372276
-1.609028
0.000000
1.470481
1.980455
1.329785
-0.000000
-1.187080
-1.576872
-1.042504
0.000000
0.896203
1.163119
0.748319
0.000000
-0.598998
-0.740829
-0.448389
-0.000000
0.296639
0.311669
0.143899
0.000000
0.009681
0.122667
0.163950
-0.000000
-0.318754
-0.560466
-0.473942
0.000000
0.629360
