1.000000
0.973669
0.000000
-1.506530
-2.506972
-2.038602
-0.000000
2.569360
4.007998
3.098280
-0.000000
-3.624840
-5.497152
-4.148521
0.000000
4.668806
6.968557
5.185181
0.000000
-5.697137
-8.416408
-6.204168
0.000000
6.705774
9.834989
7.201460
-0.000000
-7.690737
-11.218703
-8.173122
0.000000
8.648139
12.562088
9.115319
-0.000000
-9.574201
-13.859843
-10.024333
0.000000
10.465269
15.106846
10.896576
-0.000000
-11.317827
-16.298176
-11.728606
0.000000
12.128508
17.429131
12.517139
-0.000000
-12.894114
-18.495247
-13.259063
0.000000
13.611624
19.492318
13.951450
-0.000000
-14.278205
-20.416408
-14.591568
0.000000
14.891228
21.263870
15.176890
0.000000
-15.448272
-22.031360
-15.705107
-0.000000
15.947140
22.715849
16.174133
0.000000
-16.385862
-23.314636
-16.582118
0.000000
16.762708
23.825356
16.927452
0.000000
-17.076189
-24.245996
-17.208772
-0.000000
17.325069
24.574894
17.424966
0.000000
-17.508365
-24.810753
-17.575184
0.000000
17.625355
24.952641
17.658830
-0.000000
-17.675576
-25.000000
-17.675576
-0.000000
17.658830
24.952641
17.625355
0.000000
-17.575184
-24.810753
-17.508365
0.000000
17.424966
24.574894
17.325069
0.000000
-17.208772
-24.245996
-17.076189
-0.000000
16.927452
23.825356
16.762708
0.000000
-16.582118
-23.314636
-16.385862
0.000000
16.174133
22.715849
15.947140
-0.000000
-15.705107
-22.031360
-15.448272
0.000000
15.176890
21.263870
14.891228
0.000000
-14.591568
-20.416408
-14.278205
0.000000
13.951450
19.492318
13.611624
-0.000000
-13.259063
-18.495247
-12.894114
-0.000000
12.517139
17.429131
12.128508
0.000000
-11.728606
-16.298176
-11.317827
0.000000
10.896576
15.106846
10.465269
-0.000000
-10.024333
-13.859843
-9.574201
0.000000
9.115319
12.562088
8.648139
0.000000
-8.173122
-11.218703
-7.690737
0.000000
7.201460
9.834989
6.705774
-0.000000
-6.204168
-8.416408
-5.697137
-0.000000
5.185181
6.968557
4.668806
-0.000000
-4.148521
-5.497152
-3.624840
-0.000000
3.098280
4.007998
2.569360
0.000000
-2.038602
-2.506972
-1.506530
0.000000
0.973669
1.000000
0.440545
0.000000
0.092316
0.506972
0.624388
-0.000000
-1.155146
-2.007998
-1.684066
0.000000
2.210627
3.497152
2.734308
-0.000000
-3.254592
-4.968557
-3.770967
0.000000
4.282923
6.416408
4.789954
-0.000000
-5.291560
-7.834989
-5.787246
-0.000000
6.276523
9.218703
6.758909
0.000000
-7.233925
-10.562088
-7.701106
-0.000000
8.159988
11.859843
8.610119
0.000000
-9.051056
-13.106846
-9.482362
0.000000
9.903613
14.298176
10.314392
0.000000
-10.714294
-15.429131
-11.102925
0.000000
11.479901
16.495247
11.844849
0.000000
-12.197410
-17.492318
-12.537236
0.000000
12.863992
18.416408
13.177354
-0.000000
-13.477014
-19.263870
-13.762677
0.000000
14.034059
20.031360
14.290893
-0.000000
-14.532927
-20.715849
-14.759920
0.000000
14.971649
21.314636
15.167905
0.000000
-15.348494
-21.825356
-15.513239
-0.000000
15.661975
22.245996
15.794558
0.000000
-15.910855
-22.574894
-16.010753
-0.000000
16.094152
22.810753
16.160970
-0.000000
-16.211141
-22.952641
-16.244617
-0.000000
16.261362
23.000000
16.261362
-0.000000
-16.244617
-22.952641
-16.211141
-0.000000
16.160970
22.810753
16.094152
-0.000000
-16.010753
-22.574894
-15.910855
0.000000
15.794558
22.245996
15.661975
-0.000000
-15.513239
-21.825356
-15.348494
0.000000
15.167905
21.314636
14.971649
0.000000
-14.759920
-20.715849
-14.532927
-0.000000
14.290893
20.031360
14.034059
-0.000000
-13.762677
-19.263870
-13.477014
-0.000000
13.177354
18.416408
12.863992
0.000000
-12.537236
-17.492318
-12.197410
-0.000000
11.844849
16.495247
11.479901
-0.000000
-11.102925
-15.429131
-10.714294
0.000000
10.314392
14.298176
9.903613
-0.000000
-9.482362
-13.106846
-9.051056
-0.000000
8.610119
11.859843
8.159988
-0.000000
-7.701106
-10.562088
-7.233925
0.000000
6.758909
9.218703
6.276523
-0.000000
-5.787246
-7.834989
-5.291560
0.000000
4.789954
6.416408
4.282923
0.000000
-3.770967
-4.968557
-3.254592
-0.000000
2.734308
3.497152
2.210627
0.000000
-1.684066
-2.007998
-1.155146
0.000000
0.624388
0.506972
0.092316
0.000000
0.440545
