1.000000
0.695913
-0.031406
-0.739619
-0.998029
-0.649509
0.093969
0.780292
0.992156
0.600796
-0.155797
-0.817656
-0.982495
-0.550206
0.216417
0.851502
0.969236
0.498203
-0.275386
-0.881693
-0.952633
-0.445274
0.332297
0.908162
0.933004
0.391917
-0.386790
-0.930916
-0.910717
-0.338629
0.438555
0.950029
0.886184
0.285894
-0.487340
-0.965640
-0.859847
-0.234180
0.532950
0.977949
0.832171
0.183925
-0.575248
-0.987202
-0.803631
-0.135532
0.614153
0.993691
0.774706
0.089366
-0.649637
-0.997738
-0.745862
-0.045751
0.681720
0.999688
0.717553
0.004968
-0.710462
-0.999898
-0.690210
0.032746
0.735958
0.998730
0.664234
-0.067191
-0.758326
-0.996538
-0.639993
0.098209
0.777705
0.993664
0.617822
-0.125672
-0.794239
-0.990427
-0.598013
0.149483
0.808077
0.987118
0.580823
-0.169571
-0.819360
-0.983994
-0.566468
0.185884
0.828216
0.981275
0.555122
-0.198386
-0.834755
-0.979137
-0.546921
0.207054
0.839065
0.977713
0.541962
-0.211874
-0.841204
-0.977088
-0.540302
0.212838
0.841204
0.977297
0.541962
-0.209945
-0.839065
-0.978330
-0.546921
0.203200
0.834755
0.980124
0.555122
-0.192613
-0.828216
-0.982572
-0.566468
0.178202
0.819360
0.985518
0.580823
-0.159997
-0.808077
-0.988764
-0.598013
0.138039
0.794239
0.992072
0.617822
-0.112391
-0.777705
-0.995166
-0.639993
0.083137
0.758326
0.997740
0.664234
-0.050388
-0.735958
-0.999464
-0.690210
0.014286
0.710462
0.999988
0.717553
0.024990
-0.681720
-0.998953
-0.745862
-0.067221
0.649637
0.995999
0.774706
0.112149
-0.614153
-0.990773
-0.803631
-0.159472
0.575248
0.982940
0.832171
0.208844
-0.532950
-0.972193
-0.859847
-0.259882
0.487340
0.958261
0.886184
0.312162
-0.438555
-0.940920
-0.910717
-0.365234
0.386790
0.920000
0.933004
0.418618
-0.332297
-0.895394
-0.952633
-0.471824
0.275386
0.867060
0.969236
0.524351
-0.216417
-0.835029
-0.982495
-0.575707
0.155797
0.799402
0.992156
0.625415
-0.093969
-0.760354
-0.998029
-0.673025
0.031406
0.718126
1.000000
0.718126
0.031406
-0.673025
-0.998029
-0.760354
-0.093969
0.625415
0.992156
0.799402
0.155797
-0.575707
-0.982495
-0.835029
-0.216417
0.524351
0.969236
0.867060
0.275386
-0.471824
-0.952633
-0.895394
-0.332297
0.418618
0.933004
0.920000
0.386790
-0.365234
-0.910717
-0.940920
-0.438555
0.312162
0.886184
0.958261
0.487340
-0.259882
-0.859847
-0.972193
-0.532950
0.208844
0.832171
0.982940
0.575248
-0.159472
-0.803631
-0.990773
-0.614153
0.112149
0.774706
0.995999
0.649637
-0.067221
-0.745862
-0.998953
-0.681720
0.024990
0.717553
0.999988
0.710462
0.014286
-0.690210
-0.999464
-0.735958
-0.050388
0.664234
0.997740
0.758326
0.083137
-0.639993
-0.995166
-0.777705
-0.112391
0.617822
0.992072
0.794239
0.138039
-0.598013
-0.988764
-0.808077
-0.159997
0.580823
0.985518
0.819360
0.178202
-0.566468
-0.982572
-0.828216
-0.192613
0.555122
0.980124
0.834755
0.203200
-0.546921
-0.978330
-0.839065
-0.209945
0.541962
0.977297
0.841204
0.212838
-0.540302
-0.977088
-0.841204
-0.211874
0.541962
0.977713
0.839065
0.207054
-0.546921
-0.979137
-0.834755
-0.198386
0.555122
0.981275
0.828216
0.185884
-0.566468
-0.983994
-0.819360
-0.169571
0.580823
0.987118
0.808077
0.149483
-0.598013
-0.990427
-0.794239
-0.125672
0.617822
0.993664
0.777705
0.098209
-0.639993
-0.996538
-0.758326
-0.067191
0.664234
0.998730
0.735958
0.032746
-0.690210
-0.999898
-0.710462
0.004968
0.717553
0.999688
0.681720
-0.045751
-0.745862
-0.997738
-0.649637
0.089366
0.774706
0.993691
0.614153
-0.135532
-0.803631
-0.987202
-0.575248
0.183925
0.832171
0.977949
0.532950
-0.234180
-0.859847
-0.965640
-0.487340
0.285894
0.886184
0.950029
0.438555
-0.338629
-0.910717
-0.930916
-0.386790
0.391917
0.933004
0.908162
0.332297
-0.445274
-0.952633
-0.881693
-0.275386
0.498203
0.969236
0.851502
0.216417
-0.550206
-0.982495
-0.817656
-0.155797
0.600796
0.992156
0.780292
0.093969
-0.649509
-0.998029
-0.739619
-0.031406
0.695913
