1.000000
0.509050
-0.481681
-0.999498
-0.536385
0.452839
0.997884
0.565010
-0.420989
-0.994825
-0.596105
0.384505
0.989723
0.630653
-0.341676
-0.981650
-0.669363
0.290719
0.969275
0.712561
-0.229810
-0.950763
-0.760043
0.157156
0.923691
0.810877
-0.071121
-0.884976
-0.863169
-0.029552
0.830866
0.913783
0.145406
-0.757030
-0.958049
-0.275782
0.658818
0.989508
0.418183
-0.531783
-0.999796
-0.567489
0.372531
0.978797
0.715116
-0.180006
-0.915284
-0.848303
-0.042808
0.798277
0.949821
0.286864
-0.619357
-0.998589
-0.535072
0.376044
0.971774
0.761019
-0.076036
-0.848943
-0.929441
-0.258407
0.618568
0.999776
0.587463
-0.286406
-0.934019
-0.854434
-0.115998
0.709284
0.992935
0.526198
-0.333549
-0.942717
-0.854137
-0.140031
0.673739
0.999008
0.608263
-0.213153
-0.881834
-0.932283
-0.336563
0.488486
0.977899
0.804862
0.093160
-0.677972
-0.999963
-0.668070
0.094907
0.794275
0.986275
0.556350
-0.219233
-0.856326
-0.966270
-0.489157
0.280334
0.879809
0.957659
0.475327
-0.280334
-0.872196
-0.966270
-0.516436
0.219233
0.830948
0.986275
0.607558
-0.094907
-0.744098
-0.999963
-0.735088
-0.093160
0.593462
0.977899
0.872572
0.336563
-0.361730
-0.881834
-0.977019
-0.608263
0.044525
0.673739
0.990147
0.854137
0.333593
-0.333549
-0.850362
-0.992935
-0.704923
-0.115998
0.519560
0.934019
0.958108
0.587463
-0.021147
-0.618568
-0.966036
-0.929441
-0.528484
0.076036
0.648730
0.971774
0.926602
0.535072
-0.053100
-0.619357
-0.957971
-0.949821
-0.602291
-0.042808
0.529511
0.915284
0.983665
0.715116
0.204834
-0.372531
-0.823381
-0.999796
-0.846881
-0.418183
0.144478
0.658818
0.961220
0.958049
0.653380
0.145406
-0.406202
-0.830866
-0.999563
-0.863169
-0.465637
0.071121
0.585217
0.923691
0.987574
0.760043
0.309920
-0.229810
-0.701610
-0.969275
-0.956809
-0.669363
-0.190690
0.341676
0.776065
0.989723
0.923123
0.596105
0.101599
-0.420989
-0.825084
-0.997884
-0.891592
-0.536385
-0.031690
0.481681
0.860737
1.000000
0.860737
0.481681
-0.031690
-0.536385
-0.891592
-0.997884
-0.825084
-0.420989
0.101599
0.596105
0.923123
0.989723
0.776065
0.341676
-0.190690
-0.669363
-0.956809
-0.969275
-0.701610
-0.229810
0.309920
0.760043
0.987574
0.923691
0.585217
0.071121
-0.465637
-0.863169
-0.999563
-0.830866
-0.406202
0.145406
0.653380
0.958049
0.961220
0.658818
0.144478
-0.418183
-0.846881
-0.999796
-0.823381
-0.372531
0.204834
0.715116
0.983665
0.915284
0.529511
-0.042808
-0.602291
-0.949821
-0.957971
-0.619357
-0.053100
0.535072
0.926602
0.971774
0.648730
0.076036
-0.528484
-0.929441
-0.966036
-0.618568
-0.021147
0.587463
0.958108
0.934019
0.519560
-0.115998
-0.704923
-0.992935
-0.850362
-0.333549
0.333593
0.854137
0.990147
0.673739
0.044525
-0.608263
-0.977019
-0.881834
-0.361730
0.336563
0.872572
0.977899
0.593462
-0.093160
-0.735088
-0.999963
-0.744098
-0.094907
0.607558
0.986275
0.830948
0.219233
-0.516436
-0.966270
-0.872196
-0.280334
0.475327
0.957659
0.879809
0.280334
-0.489157
-0.966270
-0.856326
-0.219233
0.556350
0.986275
0.794275
0.094907
-0.668070
-0.999963
-0.677972
0.093160
0.804862
0.977899
0.488486
-0.336563
-0.932283
-0.881834
-0.213153
0.608263
0.999008
0.673739
-0.140031
-0.854137
-0.942717
-0.333549
0.526198
0.992935
0.709284
-0.115998
-0.854434
-0.934019
-0.286406
0.587463
0.999776
0.618568
-0.258407
-0.929441
-0.848943
-0.076036
0.761019
0.971774
0.376044
-0.535072
-0.998589
-0.619357
0.286864
0.949821
0.798277
-0.042808
-0.848303
-0.915284
-0.180006
0.715116
0.978797
0.372531
-0.567489
-0.999796
-0.531783
0.418183
0.989508
0.658818
-0.275782
-0.958049
-0.757030
0.145406
0.913783
0.830866
-0.029552
-0.863169
-0.884976
-0.071121
0.810877
0.923691
0.157156
-0.760043
-0.950763
-0.229810
0.712561
0.969275
0.290719
-0.669363
-0.981650
-0.341676
0.630653
0.989723
0.384505
-0.596105
-0.994825
-0.420989
0.565010
0.997884
0.452839
-0.536385
-0.999498
-0.481681
0.509050
