-128.181863
-134.632422
-129.280055
-127.734041
-129.908635
-130.351166
-130.951848
-132.978166
-131.272536
-136.979742
-129.774827
-133.226806
-134.918614
-128.240725
-128.324737
-130.399806
-134.265586
-132.277681
-126.749153
-128.829042
-135.470150
-127.299567
-126.628763
-124.292329
-127.193572
-126.269673
-128.718688
-130.428738
-131.507122
-128.941345
-126.704353
-130.713546
-129.320596
-124.809871
-122.490300
-125.613775
-132.038505
-128.466124
-133.448352
-130.911638
-128.715404
-130.629774
-131.426287
-130.588325
-125.522167
-129.271316
-125.857184
-126.141049
-127.503893
-120.060930
23.010300
-121.890399
-124.702516
-128.886452
-122.383876
-130.106855
-133.795848
-129.665799
-128.900877
-132.465507
-122.401122
-124.527476
-125.904153
-124.521018
-128.502646
-124.495872
-124.678347
-123.892556
-124.006630
-130.870759
-125.603148
-126.642579
-130.072961
-127.362338
-125.820786
-126.050599
-126.527353
-123.852749
-124.936720
-120.966604
-126.780063
-130.327692
-124.849196
-129.571613
-127.887008
-126.481294
-124.890637
-124.876005
-130.499412
-128.777291
-125.404379
-124.872699
-127.582238
-122.097790
-128.906001
-124.327895
-124.237463
-136.848819
-128.620331
-120.721867
-126.300998
-121.431515
-123.479195
-130.124252
-134.228115
-123.805788
-127.951203
-125.508353
-130.727345
-121.771298
-119.866020
-127.274484
-128.211505
-128.764913
-123.744600
-125.433860
-122.706697
-125.613694
-129.769281
-122.044677
-125.104781
-124.943101
-127.482504
-124.954137
-126.607112
-125.864742
-120.272265
-131.527957
-120.302537
-120.242191
-118.596556
-128.449075
-124.887484
-122.492314
-121.624794
-122.313626
-124.733439
-120.597542
-121.687669
-122.550193
-124.664056
-130.337611
-122.035998
-121.698448
-126.824177
-122.739101
-122.022838
-128.309853
-125.648390
-119.328047
-127.587058
-123.877840
-126.874746
-124.453638
-123.309471
-124.078297
-126.964537
-123.685689
-122.049073
-124.789643
-121.812768
-120.977520
-121.183805
-126.877209
-126.806376
-120.944105
-129.337709
-128.511726
-123.100575
-125.122777
-124.277122
-124.788959
-121.452576
-124.329843
-123.374619
-127.080364
-129.065596
-136.741193
-127.935703
-130.158099
-121.149383
-122.539626
-136.053196
-118.422828
-123.606090
-119.707613
-129.517111
-123.225077
-121.951162
-128.104917
-124.773428
-119.246386
-121.246935
-126.966409
-125.628196
-121.961222
-124.990668
-120.648872
-121.122738
