-125.280785
-133.887233
-126.869781
-127.935603
-125.864654
-127.163535
-131.345065
-133.658431
-129.045418
-136.151304
-130.739108
-128.951115
-135.443043
-127.828015
-127.594284
-132.245001
-127.152703
-126.691129
-128.887187
-130.560195
-130.397044
-132.581055
-127.893668
-125.632422
-127.174227
-126.384833
-130.375651
-128.933670
-126.059137
-125.570771
-127.354087
-125.428594
-127.148089
-127.215372
-122.299861
-125.116358
-124.043154
-114.233809
-99.988135
-86.205221
-72.789122
-59.788727
-47.248110
-35.222059
-23.780278
-13.014511
-3.051073
5.924733
13.613632
19.445326
21.848036
19.445326
13.613632
5.924733
-3.051073
-13.014511
-23.780278
-35.222059
-47.248110
-59.788728
-72.789149
-86.204540
-100.000457
-113.828480
-126.559922
-128.023466
-124.547127
-125.197019
-123.678365
-126.703985
-127.139020
-132.830764
-127.447375
-124.775376
-127.876463
-125.123945
-129.258409
-125.940401
-127.534194
-122.748490
-128.056350
-124.131984
-126.520119
-126.935262
-125.385352
-126.197699
-122.543788
-124.712166
-128.209513
-125.450252
-126.464537
-124.952191
-125.216881
-121.582409
-130.166017
-125.999908
-124.944276
-128.860257
-128.366884
-120.282306
-124.397706
-121.478201
-127.127699
-129.616899
-125.287436
-123.696643
-126.124701
-128.040789
-132.204378
-124.332176
-119.376083
-130.703591
-129.897844
-129.242254
-123.269684
-125.317078
-122.010376
-125.460105
-127.901501
-121.127536
-126.113625
-127.853076
-125.173794
-121.720226
-126.485491
-131.563572
-121.519894
-126.314694
-119.944629
-120.267660
-118.536654
-124.236747
-126.318381
-121.511190
-122.371052
-123.253957
-127.720798
-121.094645
-124.884785
-122.540381
-127.724072
-123.316389
-120.966303
-124.185567
-131.331463
-124.719143
-120.718349
-126.881486
-126.876471
-120.856674
-124.391232
-127.062058
-123.068511
-122.661232
-122.950912
-125.783162
-127.007809
-126.151835
-119.911746
-130.602228
-120.614111
-122.779294
-119.456766
-124.851193
-130.769230
-121.729655
-133.798459
-129.428857
-123.036987
-122.870766
-125.417777
-122.911777
-122.703108
-123.123507
-123.211657
-125.555868
-123.220041
-123.870124
-125.031080
-125.651270
-119.659634
-123.837926
-131.341309
-117.566549
-124.203561
-120.227693
-122.168249
-121.628554
-121.547118
-125.680574
-126.586397
-119.164743
-120.378161
-126.829374
-123.054889
-122.016265
-126.182729
-121.250693
-121.426904
