-39.764586
-37.826386
-33.958611
-29.819672
-25.749683
-21.799237
-17.979345
-14.296404
-10.756776
-7.367485
-4.136442
-1.072667
1.813445
4.509732
7.001737
9.271916
11.298431
13.053210
14.498614
15.581213
16.218810
16.268657
15.427466
12.721368
5.206088
13.820377
15.358266
14.379404
7.043768
13.107114
15.038503
12.884644
9.460445
14.678343
13.496450
8.448729
14.613187
12.628222
11.475699
14.601543
7.625438
14.019678
13.006331
11.830439
14.256994
7.200161
14.516363
2.610927
14.463533
7.257325
14.411577
7.257325
14.463533
2.610927
14.516363
7.200161
14.256994
11.830439
13.006331
14.019678
7.625438
14.601543
11.475699
12.628222
14.613187
8.448729
13.496450
14.678343
9.460445
12.884644
15.038503
13.107114
7.043768
14.379404
15.358266
13.820377
5.206088
12.721368
15.427466
16.268657
16.218810
15.581213
14.498614
13.053210
11.298431
9.271916
7.001737
4.509732
1.813445
-1.072667
-4.136442
-7.367485
-10.756776
-14.296406
-17.979364
-21.799384
-25.750823
-29.828566
-34.027950
-38.344702
-42.774886
-47.314866
-51.961266
-56.710943
-61.560965
-66.508574
-71.551194
-76.686375
-81.911779
-87.226628
-92.622983
-98.107341
-103.688868
-109.346917
-114.178515
-121.640772
-122.534754
-129.607255
-121.809710
-122.402881
-126.625710
-124.459554
-125.383594
-125.052287
-128.276091
-122.130695
-125.262934
-122.721934
-127.216014
-125.786102
-121.969474
-126.472244
-127.147192
-133.740996
-127.540418
-121.148190
-124.559275
-125.580432
-122.964262
-123.497579
-121.820489
-121.932957
-125.246254
-119.947332
-120.130951
-124.827342
-121.916862
-126.421232
-123.257330
-124.063576
-122.800721
-121.424322
-127.518829
-121.473482
-122.825082
-132.755593
-124.463489
-122.500780
-123.750132
-123.176276
-124.842438
-123.447393
-122.391256
-123.249803
-123.553171
-128.794756
-124.834266
-122.866363
-121.142113
-121.706711
-125.798149
-120.832686
-121.058560
-122.920793
-123.724571
-125.425542
-121.373265
-125.090313
-121.402735
-124.164624
-125.063487
-123.525512
-119.047021
-123.812671
-120.084096
-120.986739
-125.455969
-133.359881
-123.710879
-123.595447
-130.753586
-126.441478
-121.189360
-132.414606
-122.157574
-126.049950
-125.730112
-120.413690
-122.397827
