-124.793545
-117.037196
-116.228457
-116.539224
-120.926017
-119.512551
-118.083277
-121.378514
-121.482254
-120.050221
-119.690014
-118.637210
-119.716088
-114.231372
-123.110544
-115.686760
-120.411666
-118.969744
-119.224208
-115.294627
-114.489948
-116.360949
-118.987120
-115.522878
-113.282367
-117.558677
-114.481290
-114.215354
-116.000513
-118.044925
-116.152162
-118.317325
-116.876477
-112.859384
-109.626057
-121.613911
-115.496190
-116.773048
-113.062998
-114.639798
-114.622012
-112.535857
-117.002358
-120.009882
-114.501714
-114.938729
-118.871137
-114.021175
-114.749577
33.802112
23.010300
33.802112
-115.777973
-115.922267
-112.412661
-112.679016
-114.668007
-120.216200
-113.331634
-116.073124
-112.316084
-113.507731
-112.777908
-113.169051
-115.908458
-114.582644
-109.716597
-112.544236
-109.729675
-114.310315
-115.914503
-116.941541
-116.455079
-113.240166
-112.423740
-111.308308
-115.040240
-112.512730
-112.333434
-112.273823
-114.142662
-110.484484
-118.082107
-120.659182
-119.018736
-117.483962
-114.773791
-119.264503
-115.314090
-116.268873
-118.067010
-111.660839
-112.248053
-110.179071
-115.657040
-113.922022
-112.772620
-117.366631
-117.109806
-107.613526
-112.854099
-111.088460
-117.522780
-113.476780
-111.677758
-112.116498
-116.401846
-112.784123
-111.839552
-109.095866
-107.147828
-117.725514
-117.038847
-116.079493
-108.892035
-110.566824
-109.276859
-120.725988
-115.396342
-110.018279
-110.497695
-111.388078
-113.309342
-113.497152
-112.474342
-112.490353
-108.249910
-113.605264
-108.939494
-110.488089
-107.526281
-113.120234
-119.901943
-111.094572
-111.862869
-108.839872
-112.153197
-112.456055
-109.288631
-111.589355
-114.658206
-110.023948
-108.304752
-110.419871
-112.601430
-114.951318
-110.457528
-113.947608
-112.351349
-105.992362
-112.428601
-113.977492
-114.238569
-113.325607
-109.455238
-109.719661
-111.070542
-109.207068
-111.557875
-112.222226
-114.507081
-112.593566
-110.278829
-113.716265
-112.868363
-116.358508
-110.749463
-115.881636
-111.430533
-114.122969
-117.849250
-114.586155
-113.781933
-114.603713
-110.271271
-110.095126
-114.193153
-112.069691
-113.575125
-112.733743
-110.028746
-110.774134
-114.716816
-105.449374
-107.699673
-106.970212
-113.369318
-110.606628
-111.717153
-112.896883
-109.851258
-106.032608
-110.105994
-113.250875
-114.038075
-122.860507
-111.785379
-110.333700
-109.425437
