-127.170460
-122.418715
-122.169402
-122.765550
-127.620733
-124.921203
-123.889881
-126.765445
-126.225749
-125.750367
-124.894282
-124.113180
-125.203851
-119.994029
-129.204010
-120.804964
-126.206624
-124.064888
-126.630440
-120.583839
-119.892263
-121.299426
-126.719582
-122.464192
-118.919715
-123.495463
-119.969742
-119.792875
-121.417435
-124.260973
-122.606792
-123.147901
-122.317651
-118.916660
-115.552455
-125.370902
-120.848450
-122.343718
-118.434140
-119.719525
-119.767729
-117.742593
-122.900700
-125.871849
-120.699444
-121.070315
-126.206906
-119.975684
-119.809521
28.450980
23.010300
28.450980
-120.710180
-121.227650
-118.789936
-118.196668
-119.947874
-124.554198
-118.862843
-121.385607
-118.851804
-119.733015
-118.336956
-119.101628
-121.951652
-121.112296
-115.369513
-118.537487
-115.476254
-119.763392
-122.354649
-121.407041
-121.731311
-118.997470
-118.226347
-116.789111
-119.707913
-118.719979
-118.264825
-117.035622
-119.969701
-115.784700
-122.050319
-125.027950
-123.330052
-124.359673
-120.435395
-123.371368
-120.671085
-121.427819
-126.068283
-117.270397
-117.339398
-116.242591
-120.976202
-119.930705
-117.443977
-122.645666
-122.754774
-113.514242
-118.679777
-117.264495
-125.462877
-119.067143
-117.072348
-117.843860
-121.547384
-118.025017
-117.291598
-114.966262
-113.097307
-122.767827
-122.783169
-121.784981
-114.588213
-116.269013
-115.091116
-124.364533
-120.715054
-116.086419
-116.226820
-116.962903
-118.276342
-119.692411
-117.814222
-118.322698
-114.294796
-118.858211
-115.135308
-116.404711
-113.598656
-118.393687
-130.972119
-116.724298
-117.328956
-114.626637
-117.751508
-119.730217
-115.265004
-117.489849
-120.345636
-115.442884
-114.138682
-116.573932
-117.718204
-118.863210
-115.964123
-119.281365
-117.951637
-111.804189
-117.704306
-120.507427
-119.988480
-118.966838
-114.807231
-115.425934
-116.695805
-114.936983
-117.825826
-118.190780
-118.309022
-119.701486
-116.543195
-119.484481
-118.647357
-123.550137
-116.159041
-120.894019
-117.539724
-119.586737
-126.457537
-119.952555
-121.325178
-120.741833
-115.713450
-115.676522
-119.342444
-117.387721
-119.275919
-118.117359
-115.965635
-116.336176
-120.026541
-111.087483
-113.271411
-112.807807
-118.831361
-116.569922
-118.215904
-117.951153
-115.295689
-111.915964
-116.169080
-118.880840
-118.785003
-122.279412
-117.617452
-116.748594
-115.554534
