-125.556087
-131.628443
-129.735928
-129.560315
-133.137106
-127.656345
-126.203224
-125.196632
-115.894847
-108.711371
-101.805580
-94.968931
-88.282107
-81.715779
-75.276770
-68.969487
-62.798461
-56.768632
-50.885320
-45.154316
-39.581939
-34.175116
-28.941489
-23.889536
-19.028729
-14.369738
-9.924698
-5.707560
-1.734579
1.975006
5.397971
8.505589
11.261189
13.615968
15.501138
16.811346
17.362950
16.754530
13.517972
11.349554
16.153306
15.787193
1.474377
15.623258
15.230196
10.604959
16.077585
9.429748
15.710067
12.571849
15.438175
12.571849
15.710067
9.429748
16.077585
10.604959
15.230196
15.623258
1.474377
15.787193
16.153306
11.349554
13.517972
16.754530
17.362950
16.811346
15.501138
13.615968
11.261189
8.505589
5.397971
1.975006
-1.734579
-5.707560
-9.924698
-14.369738
-19.028729
-23.889536
-28.941489
-34.175116
-39.581939
-45.154316
-50.885320
-56.768632
-62.798466
-68.969495
-75.276763
-81.716031
-88.282511
-94.972892
-101.776774
-108.852464
-115.897704
-124.523203
-127.296437
-123.697356
-127.180078
-123.897597
-122.071599
-126.133448
-126.772602
-124.711602
-126.080789
-123.629187
-124.547504
-124.590567
-120.879247
-128.400082
-124.114102
-130.723825
-127.573028
-125.853225
-122.274010
-122.189962
-122.798943
-124.592315
-122.880931
-122.455603
-123.894269
-124.223936
-122.155500
-127.470856
-122.207732
-126.203762
-121.587777
-125.546097
-126.534689
-124.339452
-128.448580
-122.876096
-122.368456
-122.120038
-121.568637
-125.464228
-122.096754
-121.081963
-121.976270
-122.563151
-124.717215
-122.326680
-124.963724
-120.227448
-125.137571
-118.893272
-120.942164
-125.594866
-121.714164
-125.361034
-122.799112
-124.330823
-123.095748
-123.981185
-122.255450
-122.999416
-119.828225
-126.523794
-127.488243
-126.579565
-125.738903
-124.065353
-125.531831
-124.845827
-125.833354
-120.132890
-124.416331
-122.553273
-132.273821
-120.571527
-125.195476
-126.327609
-125.141357
-124.658809
-123.296125
-121.707949
-123.937698
-122.078501
-122.463836
-127.513576
-128.629065
-123.086856
-118.396873
-122.379116
-123.624258
-122.132948
-119.821092
-119.796851
-125.432328
-126.154629
-121.916955
-124.347775
-124.396990
-122.997130
-121.279108
-123.356410
-125.067839
-123.565829
-122.587457
-119.993800
-121.595813
