0.000000
0.157706
0.786043
2.190513
4.664379
8.484040
13.904667
21.156187
30.439651
41.924065
55.743726
71.996099
90.740289
111.996099
135.743726
161.924065
190.439651
221.156187
253.904667
288.484040
324.664379
362.190513
400.786043
440.157706
480.000000
520.000000
559.842294
599.213957
637.809487
675.335621
711.515960
746.095333
778.843813
809.560349
838.075935
864.256274
888.003901
909.259711
928.003901
944.256274
958.075935
969.560349
978.843813
986.095333
991.515960
995.335621
997.809487
999.213957
999.842294
1000.000000
1000.000000
1000.157706
1000.786043
1002.190513
1004.664379
1008.484040
1013.904667
1021.156187
1030.439651
1041.924065
1055.743726
1071.996099
1090.740289
1111.996099
1135.743726
1161.924065
1190.439651
1221.156187
1253.904667
1288.484040
1324.664379
1362.190513
1400.786043
1440.157706
1480.000000
1520.000000
1559.842294
1599.213957
1637.809487
1675.335621
1711.515960
1746.095333
1778.843813
1809.560349
1838.075935
1864.256274
1888.003901
1909.259711
1928.003901
1944.256274
1958.075935
1969.560349
1978.843813
1986.095333
1991.515960
1995.335621
1997.809487
1999.213957
1999.842294
2000.000000
2000.000000
2000.157706
2000.786043
2002.190513
2004.664379
2008.484040
2013.904667
2021.156187
2030.439651
2041.924065
2055.743726
2071.996099
2090.740289
2111.996099
2135.743726
2161.924065
2190.439651
2221.156187
2253.904667
2288.484040
2324.664379
2362.190513
2400.786043
2440.157706
2480.000000
2520.000000
2559.842294
2599.213957
2637.809487
2675.335621
2711.515960
2746.095333
2778.843813
2809.560349
2838.075935
2864.256274
2888.003901
2909.259711
2928.003901
2944.256274
2958.075935
2969.560349
2978.843813
2986.095333
2991.515960
2995.335621
2997.809487
2999.213957
2999.842294
3000.000000
3000.000000
3000.157706
3000.786043
3002.190513
3004.664379
3008.484040
3013.904667
3021.156187
3030.439651
3041.924065
3055.743726
3071.996099
3090.740289
3111.996099
3135.743726
3161.924065
3190.439651
3221.156187
3253.904667
3288.484040
3324.664379
3362.190513
3400.786043
3440.157706
3480.000000
3520.000000
3559.842294
3599.213957
3637.809487
3675.335621
3711.515960
3746.095333
3778.843813
3809.560349
3838.075935
3864.256274
3888.003901
3909.259711
3928.003901
3944.256274
3958.075935
3969.560349
3978.843813
3986.095333
3991.515960
3995.335621
3997.809487
3999.213957
3999.842294
4000.000000
4000.000000
0.015771
0.078604
0.219051
0.466438
0.848404
1.390467
2.115619
3.043965
4.192407
5.574373
7.199610
9.074029
11.199610
13.574373
16.192407
19.043965
22.115619
25.390467
28.848404
32.466438
36.219051
40.078604
44.015771
48.000000
52.000000
55.984229
59.921396
63.780949
67.533562
71.151596
74.609533
77.884381
80.956035
83.807593
86.425627
88.800390
90.925971
92.800390
94.425627
95.807593
96.956035
97.884381
98.609533
99.151596
99.533562
99.780949
99.921396
99.984229
100.000000
100.000000
100.015771
100.078604
100.219051
100.466438
100.848404
101.390467
102.115619
103.043965
104.192407
105.574373
107.199610
109.074029
111.199610
113.574373
116.192407
119.043965
122.115619
125.390467
128.848404
132.466438
136.219051
140.078604
144.015771
148.000000
152.000000
155.984229
159.921396
163.780949
167.533562
171.151596
174.609533
177.884381
180.956035
183.807593
186.425627
188.800390
190.925971
192.800390
194.425627
195.807593
196.956035
197.884381
198.609533
199.151596
199.533562
199.780949
199.921396
199.984229
200.000000
200.000000
200.015771
200.078604
200.219051
200.466438
200.848404
201.390467
202.115619
203.043965
204.192407
205.574373
207.199610
209.074029
211.199610
213.574373
216.192407
219.043965
222.115619
225.390467
228.848404
232.466438
236.219051
240.078604
244.015771
248.000000
252.000000
255.984229
259.921396
263.780949
267.533562
271.151596
274.609533
277.884381
280.956035
283.807593
286.425627
288.800390
290.925971
292.800390
294.425627
295.807593
296.956035
297.884381
298.609533
299.151596
299.533562
299.780949
299.921396
299.984229
300.000000
300.000000
300.015771
300.078604
300.219051
300.466438
300.848404
301.390467
302.115619
303.043965
304.192407
305.574373
307.199610
309.074029
311.199610
313.574373
316.192407
319.043965
322.115619
325.390467
328.848404
332.466438
336.219051
340.078604
344.015771
348.000000
352.000000
355.984229
359.921396
363.780949
367.533562
371.151596
374.609533
377.884381
380.956035
383.807593
386.425627
388.800390
390.925971
392.800390
394.425627
395.807593
396.956035
397.884381
398.609533
399.151596
399.533562
399.780949
399.921396
399.984229
400.000000
400.000000
0.015771
0.078604
0.219051
0.466438
0.848404
1.390467
2.115619
3.043965
4.192407
5.574373
7.199610
9.074029
11.199610
13.574373
16.192407
19.043965
22.115619
25.390467
28.848404
32.466438
36.219051
40.078604
44.015771
48.000000
52.000000
55.984229
59.921396
63.780949
67.533562
71.151596
74.609533
77.884381
80.956035
83.807593
86.425627
88.800390
90.925971
92.800390
94.425627
95.807593
96.956035
97.884381
98.609533
99.151596
99.533562
99.780949
99.921396
99.984229
100.000000
100.000000
100.015771
100.078604
100.219051
100.466438
100.848404
101.390467
102.115619
103.043965
104.192407
105.574373
107.199610
109.074029
111.199610
113.574373
116.192407
119.043965
122.115619
125.390467
128.848404
132.466438
136.219051
140.078604
144.015771
148.000000
152.000000
155.984229
159.921396
163.780949
167.533562
171.151596
174.609533
177.884381
180.956035
183.807593
186.425627
188.800390
190.925971
192.800390
194.425627
195.807593
196.956035
197.884381
198.609533
199.151596
199.533562
199.780949
199.921396
199.984229
200.000000
200.000000
200.015771
200.078604
200.219051
200.466438
200.848404
201.390467
202.115619
203.043965
204.192407
205.574373
207.199610
209.074029
211.199610
213.574373
216.192407
219.043965
222.115619
225.390467
228.848404
232.466438
236.219051
240.078604
244.015771
248.000000
252.000000
255.984229
259.921396
263.780949
267.533562
271.151596
274.609533
277.884381
280.956035
283.807593
286.425627
288.800390
290.925971
292.800390
294.425627
295.807593
296.956035
297.884381
298.609533
299.151596
299.533562
299.780949
299.921396
299.984229
300.000000
300.000000
300.015771
300.078604
300.219051
300.466438
300.848404
301.390467
302.115619
303.043965
304.192407
305.574373
307.199610
309.074029
311.199610
313.574373
316.192407
319.043965
322.115619
325.390467
328.848404
332.466438
336.219051
340.078604
344.015771
348.000000
352.000000
355.984229
359.921396
363.780949
367.533562
371.151596
374.609533
377.884381
380.956035
383.807593
386.425627
388.800390
390.925971
392.800390
394.425627
395.807593
396.956035
397.884381
398.609533
399.151596
399.533562
399.780949
399.921396
399.984229
400.000000
400.000000
0.015771
0.078604
0.219051
0.466438
0.848404
1.390467
2.115619
3.043965
4.192407
5.574373
7.199610
9.074029
11.199610
13.574373
16.192407
19.043965
22.115619
25.390467
28.848404
32.466438
36.219051
40.078604
44.015771
48.000000
52.000000
55.984229
59.921396
63.780949
67.533562
71.151596
74.609533
77.884381
80.956035
83.807593
86.425627
88.800390
90.925971
92.800390
94.425627
95.807593
96.956035
97.884381
98.609533
99.151596
99.533562
99.780949
99.921396
99.984229
100.000000
100.000000
100.015771
100.078604
100.219051
100.466438
100.848404
101.390467
102.115619
103.043965
104.192407
105.574373
107.199610
109.074029
111.199610
113.574373
116.192407
119.043965
122.115619
125.390467
128.848404
132.466438
136.219051
140.078604
144.015771
148.000000
152.000000
155.984229
159.921396
163.780949
167.533562
171.151596
174.609533
177.884381
180.956035
183.807593
186.425627
188.800390
190.925971
192.800390
194.425627
195.807593
196.956035
197.884381
198.609533
199.151596
199.533562
199.780949
199.921396
199.984229
200.000000
200.000000
200.015771
200.078604
200.219051
200.466438
200.848404
201.390467
202.115619
203.043965
204.192407
205.574373
207.199610
209.074029
211.199610
213.574373
216.192407
219.043965
222.115619
225.390467
228.848404
232.466438
236.219051
240.078604
244.015771
248.000000
252.000000
255.984229
259.921396
263.780949
267.533562
271.151596
274.609533
277.884381
280.956035
283.807593
286.425627
288.800390
290.925971
292.800390
294.425627
295.807593
296.956035
297.884381
298.609533
299.151596
299.533562
299.780949
299.921396
299.984229
300.000000
300.000000
300.015771
300.078604
300.219051
300.466438
300.848404
301.390467
302.115619
303.043965
304.192407
305.574373
307.199610
309.074029
311.199610
313.574373
316.192407
319.043965
322.115619
325.390467
328.848404
332.466438
336.219051
340.078604
344.015771
348.000000
352.000000
355.984229
359.921396
363.780949
367.533562
371.151596
374.609533
377.884381
380.956035
383.807593
386.425627
388.800390
390.925971
392.800390
394.425627
395.807593
396.956035
397.884381
398.609533
399.151596
399.533562
399.780949
399.921396
399.984229
400.000000
400.000000
0.157706
0.786043
2.190513
4.664379
8.484040
13.904667
21.156187
30.439651
41.924065
55.743726
71.996099
90.740289
111.996099
135.743726
161.924065
190.439651
221.156187
253.904667
288.484040
324.664379
362.190513
400.786043
440.157706
480.000000
520.000000
559.842294
599.213957
637.809487
675.335621
711.515960
746.095333
778.843813
809.560349
838.075935
864.256274
888.003901
909.259711
928.003901
944.256274
958.075935
969.560349
978.843813
986.095333
991.515960
995.335621
997.809487
999.213957
999.842294
1000.000000
1000.000000
1000.157706
1000.786043
1002.190513
1004.664379
1008.484040
1013.904667
1021.156187
1030.439651
1041.924065
1055.743726
1071.996099
1090.740289
1111.996099
1135.743726
1161.924065
1190.439651
1221.156187
1253.904667
1288.484040
1324.664379
1362.190513
1400.786043
1440.157706
1480.000000
1520.000000
1559.842294
1599.213957
1637.809487
1675.335621
1711.515960
1746.095333
1778.843813
1809.560349
1838.075935
1864.256274
1888.003901
1909.259711
1928.003901
1944.256274
1958.075935
1969.560349
1978.843813
1986.095333
1991.515960
1995.335621
1997.809487
1999.213957
1999.842294
2000.000000
2000.000000
2000.157706
2000.786043
2002.190513
2004.664379
2008.484040
2013.904667
2021.156187
2030.439651
2041.924065
2055.743726
2071.996099
2090.740289
2111.996099
2135.743726
2161.924065
2190.439651
2221.156187
2253.904667
2288.484040
2324.664379
2362.190513
2400.786043
2440.157706
2480.000000
2520.000000
2559.842294
2599.213957
2637.809487
2675.335621
2711.515960
2746.095333
2778.843813
2809.560349
2838.075935
2864.256274
2888.003901
2909.259711
2928.003901
2944.256274
2958.075935
2969.560349
2978.843813
2986.095333
2991.515960
2995.335621
2997.809487
2999.213957
2999.842294
3000.000000
3000.000000
3000.157706
3000.786043
3002.190513
3004.664379
3008.484040
3013.904667
3021.156187
3030.439651
3041.924065
3055.743726
3071.996099
3090.740289
3111.996099
3135.743726
3161.924065
3190.439651
3221.156187
3253.904667
3288.484040
3324.664379
3362.190513
3400.786043
3440.157706
3480.000000
3520.000000
3559.842294
3599.213957
3637.809487
3675.335621
3711.515960
3746.095333
3778.843813
3809.560349
3838.075935
3864.256274
3888.003901
3909.259711
3928.003901
3944.256274
3958.075935
3969.560349
3978.843813
3986.095333
3991.515960
3995.335621
3997.809487
3999.213957
3999.842294
4000.000000
4000.000000
0.015771
0.078604
0.219051
0.466438
0.848404
1.390467
2.115619
3.043965
4.192407
5.574373
7.199610
9.074029
11.199610
13.574373
16.192407
19.043965
22.115619
25.390467
28.848404
32.466438
36.219051
40.078604
44.015771
48.000000
52.000000
55.984229
59.921396
63.780949
67.533562
71.151596
74.609533
77.884381
80.956035
83.807593
86.425627
88.800390
90.925971
92.800390
94.425627
95.807593
96.956035
97.884381
98.609533
99.151596
99.533562
99.780949
99.921396
99.984229
100.000000
100.000000
100.015771
100.078604
100.219051
100.466438
100.848404
101.390467
102.115619
103.043965
104.192407
105.574373
107.199610
109.074029
111.199610
113.574373
116.192407
119.043965
122.115619
125.390467
128.848404
132.466438
136.219051
140.078604
144.015771
148.000000
152.000000
155.984229
159.921396
163.780949
167.533562
171.151596
174.609533
177.884381
180.956035
183.807593
186.425627
188.800390
190.925971
192.800390
194.425627
195.807593
196.956035
197.884381
198.609533
199.151596
199.533562
199.780949
199.921396
199.984229
200.000000
200.000000
200.015771
200.078604
200.219051
200.466438
200.848404
201.390467
202.115619
203.043965
204.192407
205.574373
207.199610
209.074029
211.199610
213.574373
216.192407
219.043965
222.115619
225.390467
228.848404
232.466438
236.219051
240.078604
244.015771
248.000000
252.000000
255.984229
259.921396
263.780949
267.533562
271.151596
274.609533
277.884381
280.956035
283.807593
286.425627
288.800390
290.925971
292.800390
294.425627
295.807593
296.956035
297.884381
298.609533
299.151596
299.533562
299.780949
299.921396
299.984229
300.000000
300.000000
300.015771
300.078604
300.219051
300.466438
300.848404
301.390467
302.115619
303.043965
304.192407
305.574373
307.199610
309.074029
311.199610
313.574373
316.192407
319.043965
322.115619
325.390467
328.848404
332.466438
336.219051
340.078604
344.015771
348.000000
352.000000
355.984229
359.921396
363.780949
367.533562
371.151596
374.609533
377.884381
380.956035
383.807593
386.425627
388.800390
390.925971
392.800390
394.425627
395.807593
396.956035
397.884381
398.609533
399.151596
399.533562
399.780949
399.921396
399.984229
400.000000
400.000000
0.015771
0.078604
0.219051
0.466438
0.848404
1.390467
2.115619
3.043965
4.192407
5.574373
7.199610
9.074029
11.199610
13.574373
16.192407
19.043965
22.115619
25.390467
28.848404
32.466438
36.219051
40.078604
44.015771
48.000000
52.000000
55.984229
59.921396
63.780949
67.533562
71.151596
74.609533
77.884381
80.956035
83.807593
86.425627
88.800390
90.925971
92.800390
94.425627
95.807593
96.956035
97.884381
98.609533
99.151596
99.533562
99.780949
99.921396
99.984229
100.000000
100.000000
100.015771
100.078604
100.219051
100.466438
100.848404
101.390467
102.115619
103.043965
104.192407
105.574373
107.199610
109.074029
111.199610
113.574373
116.192407
119.043965
122.115619
125.390467
128.848404
132.466438
136.219051
140.078604
144.015771
148.000000
152.000000
155.984229
159.921396
163.780949
167.533562
171.151596
174.609533
177.884381
180.956035
183.807593
186.425627
188.800390
190.925971
192.800390
194.425627
195.807593
196.956035
197.884381
198.609533
199.151596
199.533562
199.780949
199.921396
199.984229
200.000000
200.000000
200.015771
200.078604
200.219051
200.466438
200.848404
201.390467
202.115619
203.043965
204.192407
205.574373
207.199610
209.074029
211.199610
213.574373
216.192407
219.043965
222.115619
225.390467
228.848404
232.466438
236.219051
240.078604
244.015771
248.000000
252.000000
255.984229
259.921396
263.780949
267.533562
271.151596
274.609533
277.884381
280.956035
283.807593
286.425627
288.800390
290.925971
292.800390
294.425627
295.807593
296.956035
297.884381
298.609533
299.151596
299.533562
299.780949
299.921396
299.984229
300.000000
300.000000
300.015771
300.078604
300.219051
300.466438
300.848404
301.390467
302.115619
303.043965
304.192407
305.574373
307.199610
309.074029
311.199610
313.574373
316.192407
319.043965
322.115619
325.390467
328.848404
332.466438
336.219051
340.078604
344.015771
348.000000
352.000000
355.984229
359.921396
363.780949
367.533562
371.151596
374.609533
377.884381
380.956035
383.807593
386.425627
388.800390
390.925971
392.800390
394.425627
395.807593
396.956035
397.884381
398.609533
399.151596
399.533562
399.780949
399.921396
399.984229
400.000000
400.000000
0.157706
0.786043
2.190513
4.664379
8.484040
13.904667
21.156187
30.439651
41.924065
55.743726
71.996099
90.740289
111.996099
135.743726
161.924065
190.439651
221.156187
253.904667
288.484040
324.664379
362.190513
400.786043
440.157706
480.000000
520.000000
559.842294
599.213957
637.809487
675.335621
711.515960
746.095333
778.843813
809.560349
838.075935
864.256274
888.003901
909.259711
928.003901
944.256274
958.075935
969.560349
978.843813
986.095333
991.515960
995.335621
997.809487
999.213957
999.842294
1000.000000
1000.000000
1000.157706
1000.786043
1002.190513
1004.664379
1008.484040
1013.904667
1021.156187
1030.439651
1041.924065
1055.743726
1071.996099
1090.740289
1111.996099
1135.743726
1161.924065
1190.439651
1221.156187
1253.904667
1288.484040
1324.664379
1362.190513
1400.786043
1440.157706
1480.000000
1520.000000
1559.842294
1599.213957
1637.809487
1675.335621
1711.515960
1746.095333
1778.843813
1809.560349
1838.075935
1864.256274
1888.003901
1909.259711
1928.003901
1944.256274
1958.075935
1969.560349
1978.843813
1986.095333
1991.515960
1995.335621
1997.809487
1999.213957
1999.842294
2000.000000
2000.000000
2000.157706
2000.786043
2002.190513
2004.664379
2008.484040
2013.904667
2021.156187
2030.439651
2041.924065
2055.743726
2071.996099
2090.740289
2111.996099
2135.743726
2161.924065
2190.439651
2221.156187
2253.904667
2288.484040
2324.664379
2362.190513
2400.786043
2440.157706
2480.000000
2520.000000
2559.842294
2599.213957
2637.809487
2675.335621
2711.515960
2746.095333
2778.843813
2809.560349
2838.075935
2864.256274
2888.003901
2909.259711
2928.003901
2944.256274
2958.075935
2969.560349
2978.843813
2986.095333
2991.515960
2995.335621
2997.809487
2999.213957
2999.842294
3000.000000
3000.000000
3000.157706
3000.786043
3002.190513
3004.664379
3008.484040
3013.904667
3021.156187
3030.439651
3041.924065
3055.743726
3071.996099
3090.740289
3111.996099
3135.743726
3161.924065
3190.439651
3221.156187
3253.904667
3288.484040
3324.664379
3362.190513
3400.786043
3440.157706
3480.000000
3520.000000
3559.842294
3599.213957
3637.809487
3675.335621
3711.515960
3746.095333
3778.843813
3809.560349
3838.075935
3864.256274
3888.003901
3909.259711
3928.003901
3944.256274
3958.075935
3969.560349
3978.843813
3986.095333
3991.515960
3995.335621
3997.809487
3999.213957
3999.842294
4000.000000
4000.000000
0.157706
0.786043
2.190513
4.664379
8.484040
13.904667
21.156187
30.439651
41.924065
55.743726
71.996099
90.740289
111.996099
135.743726
161.924065
190.439651
221.156187
253.904667
288.484040
324.664379
362.190513
400.786043
440.157706
480.000000
520.000000
559.842294
599.213957
637.809487
675.335621
711.515960
746.095333
778.843813
809.560349
838.075935
864.256274
888.003901
909.259711
928.003901
944.256274
958.075935
969.560349
978.843813
986.095333
991.515960
995.335621
997.809487
999.213957
999.842294
1000.000000
1000.000000
1000.157706
1000.786043
1002.190513
1004.664379
1008.484040
1013.904667
1021.156187
1030.439651
1041.924065
1055.743726
1071.996099
1090.740289
1111.996099
1135.743726
1161.924065
1190.439651
1221.156187
1253.904667
1288.484040
1324.664379
1362.190513
1400.786043
1440.157706
1480.000000
1520.000000
1559.842294
1599.213957
1637.809487
1675.335621
1711.515960
1746.095333
1778.843813
1809.560349
1838.075935
1864.256274
1888.003901
1909.259711
1928.003901
1944.256274
1958.075935
1969.560349
1978.843813
1986.095333
1991.515960
1995.335621
1997.809487
1999.213957
1999.842294
2000.000000
2000.000000
2000.157706
2000.786043
2002.190513
2004.664379
2008.484040
2013.904667
2021.156187
2030.439651
2041.924065
2055.743726
2071.996099
2090.740289
2111.996099
2135.743726
2161.924065
2190.439651
2221.156187
2253.904667
2288.484040
2324.664379
2362.190513
2400.786043
2440.157706
2480.000000
2520.000000
2559.842294
2599.213957
2637.809487
2675.335621
2711.515960
2746.095333
2778.843813
2809.560349
2838.075935
2864.256274
2888.003901
2909.259711
2928.003901
2944.256274
2958.075935
2969.560349
2978.843813
2986.095333
2991.515960
2995.335621
2997.809487
2999.213957
2999.842294
3000.000000
3000.000000
3000.157706
3000.786043
3002.190513
3004.664379
3008.484040
3013.904667
3021.156187
3030.439651
3041.924065
3055.743726
3071.996099
3090.740289
3111.996099
3135.743726
3161.924065
3190.439651
3221.156187
3253.904667
3288.484040
3324.664379
3362.190513
3400.786043
3440.157706
3480.000000
3520.000000
3559.842294
3599.213957
3637.809487
3675.335621
3711.515960
3746.095333
3778.843813
3809.560349
3838.075935
3864.256274
3888.003901
3909.259711
3928.003901
3944.256274
3958.075935
3969.560349
3978.843813
3986.095333
3991.515960
3995.335621
3997.809487
3999.213957
3999.842294
4000.000000
4000.000000
0.157706
0.786043
2.190513
4.664379
8.484040
13.904667
21.156187
30.439651
41.924065
55.743726
71.996099
90.740289
111.996099
135.743726
161.924065
190.439651
221.156187
253.904667
288.484040
324.664379
362.190513
400.786043
440.157706
480.000000
520.000000
559.842294
599.213957
637.809487
675.335621
711.515960
746.095333
778.843813
809.560349
838.075935
864.256274
888.003901
909.259711
928.003901
944.256274
958.075935
969.560349
978.843813
986.095333
991.515960
995.335621
997.809487
999.213957
999.842294
1000.000000
1000.000000
1000.157706
1000.786043
1002.190513
1004.664379
1008.484040
1013.904667
1021.156187
1030.439651
1041.924065
1055.743726
1071.996099
1090.740289
1111.996099
1135.743726
1161.924065
1190.439651
1221.156187
1253.904667
1288.484040
1324.664379
1362.190513
1400.786043
1440.157706
1480.000000
1520.000000
1559.842294
1599.213957
1637.809487
1675.335621
1711.515960
1746.095333
1778.843813
1809.560349
1838.075935
1864.256274
1888.003901
1909.259711
1928.003901
1944.256274
1958.075935
1969.560349
1978.843813
1986.095333
1991.515960
1995.335621
1997.809487
1999.213957
1999.842294
2000.000000
2000.000000
2000.157706
2000.786043
2002.190513
2004.664379
2008.484040
2013.904667
2021.156187
2030.439651
2041.924065
2055.743726
2071.996099
2090.740289
2111.996099
2135.743726
2161.924065
2190.439651
2221.156187
2253.904667
2288.484040
2324.664379
2362.190513
2400.786043
2440.157706
2480.000000
2520.000000
2559.842294
2599.213957
2637.809487
2675.335621
2711.515960
2746.095333
2778.843813
2809.560349
2838.075935
2864.256274
2888.003901
2909.259711
2928.003901
2944.256274
2958.075935
2969.560349
2978.843813
2986.095333
2991.515960
2995.335621
2997.809487
2999.213957
2999.842294
3000.000000
3000.000000
3000.157706
3000.786043
3002.190513
3004.664379
3008.484040
3013.904667
3021.156187
3030.439651
3041.924065
3055.743726
3071.996099
3090.740289
3111.996099
3135.743726
3161.924065
3190.439651
3221.156187
3253.904667
3288.484040
3324.664379
3362.190513
3400.786043
3440.157706
3480.000000
3520.000000
3559.842294
3599.213957
3637.809487
3675.335621
3711.515960
3746.095333
3778.843813
3809.560349
3838.075935
3864.256274
3888.003901
3909.259711
3928.003901
3944.256274
3958.075935
3969.560349
3978.843813
3986.095333
3991.515960
3995.335621
3997.809487
3999.213957
3999.842294
4000.000000
