0.000000
0.157706
0.628337
1.404470
2.473866
3.819660
5.420627
7.251520
9.283464
11.484414
13.819660
16.252374
18.744190
21.255810
23.747626
26.180340
28.515586
30.716536
32.748480
34.579373
36.180340
37.526134
38.595530
39.371663
39.842294
40.000000
39.842294
39.371663
38.595530
37.526134
36.180340
34.579373
32.748480
30.716536
28.515586
26.180340
23.747626
21.255810
18.744190
16.252374
13.819660
11.484414
9.283464
7.251520
5.420627
3.819660
2.473866
1.404470
0.628337
0.157706
0.000000
0.157706
0.628337
1.404470
2.473866
3.819660
5.420627
7.251520
9.283464
11.484414
13.819660
16.252374
18.744190
21.255810
23.747626
26.180340
28.515586
30.716536
32.748480
34.579373
36.180340
37.526134
38.595530
39.371663
39.842294
40.000000
39.842294
39.371663
38.595530
37.526134
36.180340
34.579373
32.748480
30.716536
28.515586
26.180340
23.747626
21.255810
18.744190
16.252374
13.819660
11.484414
9.283464
7.251520
5.420627
3.819660
2.473866
1.404470
0.628337
0.157706
0.000000
0.157706
0.628337
1.404470
2.473866
3.819660
5.420627
7.251520
9.283464
11.484414
13.819660
16.252374
18.744190
21.255810
23.747626
26.180340
28.515586
30.716536
32.748480
34.579373
36.180340
37.526134
38.595530
39.371663
39.842294
40.000000
39.842294
39.371663
38.595530
37.526134
36.180340
34.579373
32.748480
30.716536
28.515586
26.180340
23.747626
21.255810
18.744190
16.252374
13.819660
11.484414
9.283464
7.251520
5.420627
3.819660
2.473866
1.404470
0.628337
0.157706
0.000000
0.157706
0.628337
1.404470
2.473866
3.819660
5.420627
7.251520
9.283464
11.484414
13.819660
16.252374
18.744190
21.255810
23.747626
26.180340
28.515586
30.716536
32.748480
34.579373
36.180340
37.526134
38.595530
39.371663
39.842294
40.000000
39.842294
39.371663
38.595530
37.526134
36.180340
34.579373
32.748480
30.716536
28.515586
26.180340
23.747626
21.255810
18.744190
16.252374
13.819660
11.484414
9.283464
7.251520
5.420627
3.819660
2.473866
1.404470
0.628337
0.157706
0.000000
0.015771
0.062834
0.140447
0.247387
0.381966
0.542063
0.725152
0.928346
1.148441
1.381966
1.625237
1.874419
2.125581
2.374763
2.618034
2.851559
3.071654
3.274848
3.457937
3.618034
3.752613
3.859553
3.937166
3.984229
4.000000
3.984229
3.937166
3.859553
3.752613
3.618034
3.457937
3.274848
3.071654
2.851559
2.618034
2.374763
2.125581
1.874419
1.625237
1.381966
1.148441
0.928346
0.725152
0.542063
0.381966
0.247387
0.140447
0.062834
0.015771
0.000000
0.015771
0.062834
0.140447
0.247387
0.381966
0.542063
0.725152
0.928346
1.148441
1.381966
1.625237
1.874419
2.125581
2.374763
2.618034
2.851559
3.071654
3.274848
3.457937
3.618034
3.752613
3.859553
3.937166
3.984229
4.000000
3.984229
3.937166
3.859553
3.752613
3.618034
3.457937
3.274848
3.071654
2.851559
2.618034
2.374763
2.125581
1.874419
1.625237
1.381966
1.148441
0.928346
0.725152
0.542063
0.381966
0.247387
0.140447
0.062834
0.015771
0.000000
0.015771
0.062834
0.140447
0.247387
0.381966
0.542063
0.725152
0.928346
1.148441
1.381966
1.625237
1.874419
2.125581
2.374763
2.618034
2.851559
3.071654
3.274848
3.457937
3.618034
3.752613
3.859553
3.937166
3.984229
4.000000
3.984229
3.937166
3.859553
3.752613
3.618034
3.457937
3.274848
3.071654
2.851559
2.618034
2.374763
2.125581
1.874419
1.625237
1.381966
1.148441
0.928346
0.725152
0.542063
0.381966
0.247387
0.140447
0.062834
0.015771
0.000000
0.015771
0.062834
0.140447
0.247387
0.381966
0.542063
0.725152
0.928346
1.148441
1.381966
1.625237
1.874419
2.125581
2.374763
2.618034
2.851559
3.071654
3.274848
3.457937
3.618034
3.752613
3.859553
3.937166
3.984229
4.000000
3.984229
3.937166
3.859553
3.752613
3.618034
3.457937
3.274848
3.071654
2.851559
2.618034
2.374763
2.125581
1.874419
1.625237
1.381966
1.148441
0.928346
0.725152
0.542063
0.381966
0.247387
0.140447
0.062834
0.015771
0.000000
0.015771
0.062834
0.140447
0.247387
0.381966
0.542063
0.725152
0.928346
1.148441
1.381966
1.625237
1.874419
2.125581
2.374763
2.618034
2.851559
3.071654
3.274848
3.457937
3.618034
3.752613
3.859553
3.937166
3.984229
4.000000
3.984229
3.937166
3.859553
3.752613
3.618034
3.457937
3.274848
3.071654
2.851559
2.618034
2.374763
2.125581
1.874419
1.625237
1.381966
1.148441
0.928346
0.725152
0.542063
0.381966
0.247387
0.140447
0.062834
0.015771
0.000000
0.015771
0.062834
0.140447
0.247387
0.381966
0.542063
0.725152
0.928346
1.148441
1.381966
1.625237
1.874419
2.125581
2.374763
2.618034
2.851559
3.071654
3.274848
3.457937
3.618034
3.752613
3.859553
3.937166
3.984229
4.000000
3.984229
3.937166
3.859553
3.752613
3.618034
3.457937
3.274848
3.071654
2.851559
2.618034
2.374763
2.125581
1.874419
1.625237
1.381966
1.148441
0.928346
0.725152
0.542063
0.381966
0.247387
0.140447
0.062834
0.015771
0.000000
0.015771
0.062834
0.140447
0.247387
0.381966
0.542063
0.725152
0.928346
1.148441
1.381966
1.625237
1.874419
2.125581
2.374763
2.618034
2.851559
3.071654
3.274848
3.457937
3.618034
3.752613
3.859553
3.937166
3.984229
4.000000
3.984229
3.937166
3.859553
3.752613
3.618034
3.457937
3.274848
3.071654
2.851559
2.618034
2.374763
2.125581
1.874419
1.625237
1.381966
1.148441
0.928346
0.725152
0.542063
0.381966
0.247387
0.140447
0.062834
0.015771
0.000000
0.015771
0.062834
0.140447
0.247387
0.381966
0.542063
0.725152
0.928346
1.148441
1.381966
1.625237
1.874419
2.125581
2.374763
2.618034
2.851559
3.071654
3.274848
3.457937
3.618034
3.752613
3.859553
3.937166
3.984229
4.000000
3.984229
3.937166
3.859553
3.752613
3.618034
3.457937
3.274848
3.071654
2.851559
2.618034
2.374763
2.125581
1.874419
1.625237
1.381966
1.148441
0.928346
0.725152
0.542063
0.381966
0.247387
0.140447
0.062834
0.015771
0.000000
0.015771
0.062834
0.140447
0.247387
0.381966
0.542063
0.725152
0.928346
1.148441
1.381966
1.625237
1.874419
2.125581
2.374763
2.618034
2.851559
3.071654
3.274848
3.457937
3.618034
3.752613
3.859553
3.937166
3.984229
4.000000
3.984229
3.937166
3.859553
3.752613
3.618034
3.457937
3.274848
3.071654
2.851559
2.618034
2.374763
2.125581
1.874419
1.625237
1.381966
1.148441
0.928346
0.725152
0.542063
0.381966
0.247387
0.140447
0.062834
0.015771
0.000000
0.015771
0.062834
0.140447
0.247387
0.381966
0.542063
0.725152
0.928346
1.148441
1.381966
1.625237
1.874419
2.125581
2.374763
2.618034
2.851559
3.071654
3.274848
3.457937
3.618034
3.752613
3.859553
3.937166
3.984229
4.000000
3.984229
3.937166
3.859553
3.752613
3.618034
3.457937
3.274848
3.071654
2.851559
2.618034
2.374763
2.125581
1.874419
1.625237
1.381966
1.148441
0.928346
0.725152
0.542063
0.381966
0.247387
0.140447
0.062834
0.015771
0.000000
0.015771
0.062834
0.140447
0.247387
0.381966
0.542063
0.725152
0.928346
1.148441
1.381966
1.625237
1.874419
2.125581
2.374763
2.618034
2.851559
3.071654
3.274848
3.457937
3.618034
3.752613
3.859553
3.937166
3.984229
4.000000
3.984229
3.937166
3.859553
3.752613
3.618034
3.457937
3.274848
3.071654
2.851559
2.618034
2.374763
2.125581
1.874419
1.625237
1.381966
1.148441
0.928346
0.725152
0.542063
0.381966
0.247387
0.140447
0.062834
0.015771
0.000000
0.015771
0.062834
0.140447
0.247387
0.381966
0.542063
0.725152
0.928346
1.148441
1.381966
1.625237
1.874419
2.125581
2.374763
2.618034
2.851559
3.071654
3.274848
3.457937
3.618034
3.752613
3.859553
3.937166
3.984229
4.000000
3.984229
3.937166
3.859553
3.752613
3.618034
3.457937
3.274848
3.071654
2.851559
2.618034
2.374763
2.125581
1.874419
1.625237
1.381966
1.148441
0.928346
0.725152
0.542063
0.381966
0.247387
0.140447
0.062834
0.015771
0.000000
0.157706
0.628337
1.404470
2.473866
3.819660
5.420627
7.251520
9.283464
11.484414
13.819660
16.252374
18.744190
21.255810
23.747626
26.180340
28.515586
30.716536
32.748480
34.579373
36.180340
37.526134
38.595530
39.371663
39.842294
40.000000
39.842294
39.371663
38.595530
37.526134
36.180340
34.579373
32.748480
30.716536
28.515586
26.180340
23.747626
21.255810
18.744190
16.252374
13.819660
11.484414
9.283464
7.251520
5.420627
3.819660
2.473866
1.404470
0.628337
0.157706
0.000000
0.157706
0.628337
1.404470
2.473866
3.819660
5.420627
7.251520
9.283464
11.484414
13.819660
16.252374
18.744190
21.255810
23.747626
26.180340
28.515586
30.716536
32.748480
34.579373
36.180340
37.526134
38.595530
39.371663
39.842294
40.000000
39.842294
39.371663
38.595530
37.526134
36.180340
34.579373
32.748480
30.716536
28.515586
26.180340
23.747626
21.255810
18.744190
16.252374
13.819660
11.484414
9.283464
7.251520
5.420627
3.819660
2.473866
1.404470
0.628337
0.157706
0.000000
0.157706
0.628337
1.404470
2.473866
3.819660
5.420627
7.251520
9.283464
11.484414
13.819660
16.252374
18.744190
21.255810
23.747626
26.180340
28.515586
30.716536
32.748480
34.579373
36.180340
37.526134
38.595530
39.371663
39.842294
40.000000
39.842294
39.371663
38.595530
37.526134
36.180340
34.579373
32.748480
30.716536
28.515586
26.180340
23.747626
21.255810
18.744190
16.252374
13.819660
11.484414
9.283464
7.251520
5.420627
3.819660
2.473866
1.404470
0.628337
0.157706
0.000000
0.157706
0.628337
1.404470
2.473866
3.819660
5.420627
7.251520
9.283464
11.484414
13.819660
16.252374
18.744190
21.255810
23.747626
26.180340
28.515586
30.716536
32.748480
34.579373
36.180340
37.526134
38.595530
39.371663
39.842294
40.000000
39.842294
39.371663
38.595530
37.526134
36.180340
34.579373
32.748480
30.716536
28.515586
26.180340
23.747626
21.255810
18.744190
16.252374
13.819660
11.484414
9.283464
7.251520
5.420627
3.819660
2.473866
1.404470
0.628337
0.157706
0.000000
0.015771
0.062834
0.140447
0.247387
0.381966
0.542063
0.725152
0.928346
1.148441
1.381966
1.625237
1.874419
2.125581
2.374763
2.618034
2.851559
3.071654
3.274848
3.457937
3.618034
3.752613
3.859553
3.937166
3.984229
4.000000
3.984229
3.937166
3.859553
3.752613
3.618034
3.457937
3.274848
3.071654
2.851559
2.618034
2.374763
2.125581
1.874419
1.625237
1.381966
1.148441
0.928346
0.725152
0.542063
0.381966
0.247387
0.140447
0.062834
0.015771
0.000000
0.015771
0.062834
0.140447
0.247387
0.381966
0.542063
0.725152
0.928346
1.148441
1.381966
1.625237
1.874419
2.125581
2.374763
2.618034
2.851559
3.071654
3.274848
3.457937
3.618034
3.752613
3.859553
3.937166
3.984229
4.000000
3.984229
3.937166
3.859553
3.752613
3.618034
3.457937
3.274848
3.071654
2.851559
2.618034
2.374763
2.125581
1.874419
1.625237
1.381966
1.148441
0.928346
0.725152
0.542063
0.381966
0.247387
0.140447
0.062834
0.015771
0.000000
0.015771
0.062834
0.140447
0.247387
0.381966
0.542063
0.725152
0.928346
1.148441
1.381966
1.625237
1.874419
2.125581
2.374763
2.618034
2.851559
3.071654
3.274848
3.457937
3.618034
3.752613
3.859553
3.937166
3.984229
4.000000
3.984229
3.937166
3.859553
3.752613
3.618034
3.457937
3.274848
3.071654
2.851559
2.618034
2.374763
2.125581
1.874419
1.625237
1.381966
1.148441
0.928346
0.725152
0.542063
0.381966
0.247387
0.140447
0.062834
0.015771
0.000000
0.015771
0.062834
0.140447
0.247387
0.381966
0.542063
0.725152
0.928346
1.148441
1.381966
1.625237
1.874419
2.125581
2.374763
2.618034
2.851559
3.071654
3.274848
3.457937
3.618034
3.752613
3.859553
3.937166
3.984229
4.000000
3.984229
3.937166
3.859553
3.752613
3.618034
3.457937
3.274848
3.071654
2.851559
2.618034
2.374763
2.125581
1.874419
1.625237
1.381966
1.148441
0.928346
0.725152
0.542063
0.381966
0.247387
0.140447
0.062834
0.015771
0.000000
0.015771
0.062834
0.140447
0.247387
0.381966
0.542063
0.725152
0.928346
1.148441
1.381966
1.625237
1.874419
2.125581
2.374763
2.618034
2.851559
3.071654
3.274848
3.457937
3.618034
3.752613
3.859553
3.937166
3.984229
4.000000
3.984229
3.937166
3.859553
3.752613
3.618034
3.457937
3.274848
3.071654
2.851559
2.618034
2.374763
2.125581
1.874419
1.625237
1.381966
1.148441
0.928346
0.725152
0.542063
0.381966
0.247387
0.140447
0.062834
0.015771
0.000000
0.015771
0.062834
0.140447
0.247387
0.381966
0.542063
0.725152
0.928346
1.148441
1.381966
1.625237
1.874419
2.125581
2.374763
2.618034
2.851559
3.071654
3.274848
3.457937
3.618034
3.752613
3.859553
3.937166
3.984229
4.000000
3.984229
3.937166
3.859553
3.752613
3.618034
3.457937
3.274848
3.071654
2.851559
2.618034
2.374763
2.125581
1.874419
1.625237
1.381966
1.148441
0.928346
0.725152
0.542063
0.381966
0.247387
0.140447
0.062834
0.015771
0.000000
0.015771
0.062834
0.140447
0.247387
0.381966
0.542063
0.725152
0.928346
1.148441
1.381966
1.625237
1.874419
2.125581
2.374763
2.618034
2.851559
3.071654
3.274848
3.457937
3.618034
3.752613
3.859553
3.937166
3.984229
4.000000
3.984229
3.937166
3.859553
3.752613
3.618034
3.457937
3.274848
3.071654
2.851559
2.618034
2.374763
2.125581
1.874419
1.625237
1.381966
1.148441
0.928346
0.725152
0.542063
0.381966
0.247387
0.140447
0.062834
0.015771
0.000000
0.015771
0.062834
0.140447
0.247387
0.381966
0.542063
0.725152
0.928346
1.148441
1.381966
1.625237
1.874419
2.125581
2.374763
2.618034
2.851559
3.071654
3.274848
3.457937
3.618034
3.752613
3.859553
3.937166
3.984229
4.000000
3.984229
3.937166
3.859553
3.752613
3.618034
3.457937
3.274848
3.071654
2.851559
2.618034
2.374763
2.125581
1.874419
1.625237
1.381966
1.148441
0.928346
0.725152
0.542063
0.381966
0.247387
0.140447
0.062834
0.015771
0.000000
0.157706
0.628337
1.404470
2.473866
3.819660
5.420627
7.251520
9.283464
11.484414
13.819660
16.252374
18.744190
21.255810
23.747626
26.180340
28.515586
30.716536
32.748480
34.579373
36.180340
37.526134
38.595530
39.371663
39.842294
40.000000
39.842294
39.371663
38.595530
37.526134
36.180340
34.579373
32.748480
30.716536
28.515586
26.180340
23.747626
21.255810
18.744190
16.252374
13.819660
11.484414
9.283464
7.251520
5.420627
3.819660
2.473866
1.404470
0.628337
0.157706
0.000000
0.157706
0.628337
1.404470
2.473866
3.819660
5.420627
7.251520
9.283464
11.484414
13.819660
16.252374
18.744190
21.255810
23.747626
26.180340
28.515586
30.716536
32.748480
34.579373
36.180340
37.526134
38.595530
39.371663
39.842294
40.000000
39.842294
39.371663
38.595530
37.526134
36.180340
34.579373
32.748480
30.716536
28.515586
26.180340
23.747626
21.255810
18.744190
16.252374
13.819660
11.484414
9.283464
7.251520
5.420627
3.819660
2.473866
1.404470
0.628337
0.157706
0.000000
0.157706
0.628337
1.404470
2.473866
3.819660
5.420627
7.251520
9.283464
11.484414
13.819660
16.252374
18.744190
21.255810
23.747626
26.180340
28.515586
30.716536
32.748480
34.579373
36.180340
37.526134
38.595530
39.371663
39.842294
40.000000
39.842294
39.371663
38.595530
37.526134
36.180340
34.579373
32.748480
30.716536
28.515586
26.180340
23.747626
21.255810
18.744190
16.252374
13.819660
11.484414
9.283464
7.251520
5.420627
3.819660
2.473866
1.404470
0.628337
0.157706
0.000000
0.157706
0.628337
1.404470
2.473866
3.819660
5.420627
7.251520
9.283464
11.484414
13.819660
16.252374
18.744190
21.255810
23.747626
26.180340
28.515586
30.716536
32.748480
34.579373
36.180340
37.526134
38.595530
39.371663
39.842294
40.000000
39.842294
39.371663
38.595530
37.526134
36.180340
34.579373
32.748480
30.716536
28.515586
26.180340
23.747626
21.255810
18.744190
16.252374
13.819660
11.484414
9.283464
7.251520
5.420627
3.819660
2.473866
1.404470
0.628337
0.157706
0.000000
0.157706
0.628337
1.404470
2.473866
3.819660
5.420627
7.251520
9.283464
11.484414
13.819660
16.252374
18.744190
21.255810
23.747626
26.180340
28.515586
30.716536
32.748480
34.579373
36.180340
37.526134
38.595530
39.371663
39.842294
40.000000
39.842294
39.371663
38.595530
37.526134
36.180340
34.579373
32.748480
30.716536
28.515586
26.180340
23.747626
21.255810
18.744190
16.252374
13.819660
11.484414
9.283464
7.251520
5.420627
3.819660
2.473866
1.404470
0.628337
0.157706
0.000000
0.157706
0.628337
1.404470
2.473866
3.819660
5.420627
7.251520
9.283464
11.484414
13.819660
16.252374
18.744190
21.255810
23.747626
26.180340
28.515586
30.716536
32.748480
34.579373
36.180340
37.526134
38.595530
39.371663
39.842294
40.000000
39.842294
39.371663
38.595530
37.526134
36.180340
34.579373
32.748480
30.716536
28.515586
26.180340
23.747626
21.255810
18.744190
16.252374
13.819660
11.484414
9.283464
7.251520
5.420627
3.819660
2.473866
1.404470
0.628337
0.157706
0.000000
0.157706
0.628337
1.404470
2.473866
3.819660
5.420627
7.251520
9.283464
11.484414
13.819660
16.252374
18.744190
21.255810
23.747626
26.180340
28.515586
30.716536
32.748480
34.579373
36.180340
37.526134
38.595530
39.371663
39.842294
40.000000
39.842294
39.371663
38.595530
37.526134
36.180340
34.579373
32.748480
30.716536
28.515586
26.180340
23.747626
21.255810
18.744190
16.252374
13.819660
11.484414
9.283464
7.251520
5.420627
3.819660
2.473866
1.404470
0.628337
0.157706
0.000000
0.157706
0.628337
1.404470
2.473866
3.819660
5.420627
7.251520
9.283464
11.484414
13.819660
16.252374
18.744190
21.255810
23.747626
26.180340
28.515586
30.716536
32.748480
34.579373
36.180340
37.526134
38.595530
39.371663
39.842294
40.000000
39.842294
39.371663
38.595530
37.526134
36.180340
34.579373
32.748480
30.716536
28.515586
26.180340
23.747626
21.255810
18.744190
16.252374
13.819660
11.484414
9.283464
7.251520
5.420627
3.819660
2.473866
1.404470
0.628337
0.157706
0.000000
0.157706
0.628337
1.404470
2.473866
3.819660
5.420627
7.251520
9.283464
11.484414
13.819660
16.252374
18.744190
21.255810
23.747626
26.180340
28.515586
30.716536
32.748480
34.579373
36.180340
37.526134
38.595530
39.371663
39.842294
40.000000
39.842294
39.371663
38.595530
37.526134
36.180340
34.579373
32.748480
30.716536
28.515586
26.180340
23.747626
21.255810
18.744190
16.252374
13.819660
11.484414
9.283464
7.251520
5.420627
3.819660
2.473866
1.404470
0.628337
0.157706
0.000000
0.157706
0.628337
1.404470
2.473866
3.819660
5.420627
7.251520
9.283464
11.484414
13.819660
16.252374
18.744190
21.255810
23.747626
26.180340
28.515586
30.716536
32.748480
34.579373
36.180340
37.526134
38.595530
39.371663
39.842294
40.000000
39.842294
39.371663
38.595530
37.526134
36.180340
34.579373
32.748480
30.716536
28.515586
26.180340
23.747626
21.255810
18.744190
16.252374
13.819660
11.484414
9.283464
7.251520
5.420627
3.819660
2.473866
1.404470
0.628337
0.157706
0.000000
0.157706
0.628337
1.404470
2.473866
3.819660
5.420627
7.251520
9.283464
11.484414
13.819660
16.252374
18.744190
21.255810
23.747626
26.180340
28.515586
30.716536
32.748480
34.579373
36.180340
37.526134
38.595530
39.371663
39.842294
40.000000
39.842294
39.371663
38.595530
37.526134
36.180340
34.579373
32.748480
30.716536
28.515586
26.180340
23.747626
21.255810
18.744190
16.252374
13.819660
11.484414
9.283464
7.251520
5.420627
3.819660
2.473866
1.404470
0.628337
0.157706
0.000000
0.157706
0.628337
1.404470
2.473866
3.819660
5.420627
7.251520
9.283464
11.484414
13.819660
16.252374
18.744190
21.255810
23.747626
26.180340
28.515586
30.716536
32.748480
34.579373
36.180340
37.526134
38.595530
39.371663
39.842294
40.000000
39.842294
39.371663
38.595530
37.526134
36.180340
34.579373
32.748480
30.716536
28.515586
26.180340
23.747626
21.255810
18.744190
16.252374
13.819660
11.484414
9.283464
7.251520
5.420627
3.819660
2.473866
1.404470
0.628337
0.157706
