0.000000
1.255810
2.506665
3.747626
4.973798
6.180340
7.362491
8.515586
9.635073
10.716536
11.755705
12.748480
13.690942
14.579373
15.410265
16.180340
16.886559
17.526134
18.096541
18.595530
19.021130
19.371663
19.645745
19.842294
19.960535
20.000000
19.960535
19.842294
19.645745
19.371663
19.021130
18.595530
18.096541
17.526134
16.886559
16.180340
15.410265
14.579373
13.690942
12.748480
11.755705
10.716536
9.635073
8.515586
7.362491
6.180340
4.973798
3.747626
2.506665
1.255810
0.000000
-1.255810
-2.506665
-3.747626
-4.973798
-6.180340
-7.362491
-8.515586
-9.635073
-10.716536
-11.755705
-12.748480
-13.690942
-14.579373
-15.410265
-16.180340
-16.886559
-17.526134
-18.096541
-18.595530
-19.021130
-19.371663
-19.645745
-19.842294
-19.960535
-20.000000
-19.960535
-19.842294
-19.645745
-19.371663
-19.021130
-18.595530
-18.096541
-17.526134
-16.886559
-16.180340
-15.410265
-14.579373
-13.690942
-12.748480
-11.755705
-10.716536
-9.635073
-8.515586
-7.362491
-6.180340
-4.973798
-3.747626
-2.506665
-1.255810
-0.000000
1.255810
2.506665
3.747626
4.973798
6.180340
7.362491
8.515586
9.635073
10.716536
11.755705
12.748480
13.690942
14.579373
15.410265
16.180340
16.886559
17.526134
18.096541
18.595530
19.021130
19.371663
19.645745
19.842294
19.960535
20.000000
19.960535
19.842294
19.645745
19.371663
19.021130
18.595530
18.096541
17.526134
16.886559
16.180340
15.410265
14.579373
13.690942
12.748480
11.755705
10.716536
9.635073
8.515586
7.362491
6.180340
4.973798
3.747626
2.506665
1.255810
0.000000
-1.255810
-2.506665
-3.747626
-4.973798
-6.180340
-7.362491
-8.515586
-9.635073
-10.716536
-11.755705
-12.748480
-13.690942
-14.579373
-15.410265
-16.180340
-16.886559
-17.526134
-18.096541
-18.595530
-19.021130
-19.371663
-19.645745
-19.842294
-19.960535
-20.000000
-19.960535
-19.842294
-19.645745
-19.371663
-19.021130
-18.595530
-18.096541
-17.526134
-16.886559
-16.180340
-15.410265
-14.579373
-13.690942
-12.748480
-11.755705
-10.716536
-9.635073
-8.515586
-7.362491
-6.180340
-4.973798
-3.747626
-2.506665
-1.255810
-0.000000
0.125581
0.250666
0.374763
0.497380
0.618034
0.736249
0.851559
0.963507
1.071654
1.175571
1.274848
1.369094
1.457937
1.541026
1.618034
1.688656
1.752613
1.809654
1.859553
1.902113
1.937166
1.964575
1.984229
1.996053
2.000000
1.996053
1.984229
1.964575
1.937166
1.902113
1.859553
1.809654
1.752613
1.688656
1.618034
1.541026
1.457937
1.369094
1.274848
1.175571
1.071654
0.963507
0.851559
0.736249
0.618034
0.497380
0.374763
0.250666
0.125581
0.000000
-0.125581
-0.250666
-0.374763
-0.497380
-0.618034
-0.736249
-0.851559
-0.963507
-1.071654
-1.175571
-1.274848
-1.369094
-1.457937
-1.541026
-1.618034
-1.688656
-1.752613
-1.809654
-1.859553
-1.902113
-1.937166
-1.964575
-1.984229
-1.996053
-2.000000
-1.996053
-1.984229
-1.964575
-1.937166
-1.902113
-1.859553
-1.809654
-1.752613
-1.688656
-1.618034
-1.541026
-1.457937
-1.369094
-1.274848
-1.175571
-1.071654
-0.963507
-0.851559
-0.736249
-0.618034
-0.497380
-0.374763
-0.250666
-0.125581
-0.000000
0.125581
0.250666
0.374763
0.497380
0.618034
0.736249
0.851559
0.963507
1.071654
1.175571
1.274848
1.369094
1.457937
1.541026
1.618034
1.688656
1.752613
1.809654
1.859553
1.902113
1.937166
1.964575
1.984229
1.996053
2.000000
1.996053
1.984229
1.964575
1.937166
1.902113
1.859553
1.809654
1.752613
1.688656
1.618034
1.541026
1.457937
1.369094
1.274848
1.175571
1.071654
0.963507
0.851559
0.736249
0.618034
0.497380
0.374763
0.250666
0.125581
0.000000
-0.125581
-0.250666
-0.374763
-0.497380
-0.618034
-0.736249
-0.851559
-0.963507
-1.071654
-1.175571
-1.274848
-1.369094
-1.457937
-1.541026
-1.618034
-1.688656
-1.752613
-1.809654
-1.859553
-1.902113
-1.937166
-1.964575
-1.984229
-1.996053
-2.000000
-1.996053
-1.984229
-1.964575
-1.937166
-1.902113
-1.859553
-1.809654
-1.752613
-1.688656
-1.618034
-1.541026
-1.457937
-1.369094
-1.274848
-1.175571
-1.071654
-0.963507
-0.851559
-0.736249
-0.618034
-0.497380
-0.374763
-0.250666
-0.125581
-0.000000
0.125581
0.250666
0.374763
0.497380
0.618034
0.736249
0.851559
0.963507
1.071654
1.175571
1.274848
1.369094
1.457937
1.541026
1.618034
1.688656
1.752613
1.809654
1.859553
1.902113
1.937166
1.964575
1.984229
1.996053
2.000000
1.996053
1.984229
1.964575
1.937166
1.902113
1.859553
1.809654
1.752613
1.688656
1.618034
1.541026
1.457937
1.369094
1.274848
1.175571
1.071654
0.963507
0.851559
0.736249
0.618034
0.497380
0.374763
0.250666
0.125581
0.000000
-0.125581
-0.250666
-0.374763
-0.497380
-0.618034
-0.736249
-0.851559
-0.963507
-1.071654
-1.175571
-1.274848
-1.369094
-1.457937
-1.541026
-1.618034
-1.688656
-1.752613
-1.809654
-1.859553
-1.902113
-1.937166
-1.964575
-1.984229
-1.996053
-2.000000
-1.996053
-1.984229
-1.964575
-1.937166
-1.902113
-1.859553
-1.809654
-1.752613
-1.688656
-1.618034
-1.541026
-1.457937
-1.369094
-1.274848
-1.175571
-1.071654
-0.963507
-0.851559
-0.736249
-0.618034
-0.497380
-0.374763
-0.250666
-0.125581
-0.000000
0.125581
0.250666
0.374763
0.497380
0.618034
0.736249
0.851559
0.963507
1.071654
1.175571
1.274848
1.369094
1.457937
1.541026
1.618034
1.688656
1.752613
1.809654
1.859553
1.902113
1.937166
1.964575
1.984229
1.996053
2.000000
1.996053
1.984229
1.964575
1.937166
1.902113
1.859553
1.809654
1.752613
1.688656
1.618034
1.541026
1.457937
1.369094
1.274848
1.175571
1.071654
0.963507
0.851559
0.736249
0.618034
0.497380
0.374763
0.250666
0.125581
0.000000
-0.125581
-0.250666
-0.374763
-0.497380
-0.618034
-0.736249
-0.851559
-0.963507
-1.071654
-1.175571
-1.274848
-1.369094
-1.457937
-1.541026
-1.618034
-1.688656
-1.752613
-1.809654
-1.859553
-1.902113
-1.937166
-1.964575
-1.984229
-1.996053
-2.000000
-1.996053
-1.984229
-1.964575
-1.937166
-1.902113
-1.859553
-1.809654
-1.752613
-1.688656
-1.618034
-1.541026
-1.457937
-1.369094
-1.274848
-1.175571
-1.071654
-0.963507
-0.851559
-0.736249
-0.618034
-0.497380
-0.374763
-0.250666
-0.125581
-0.000000
0.125581
0.250666
0.374763
0.497380
0.618034
0.736249
0.851559
0.963507
1.071654
1.175571
1.274848
1.369094
1.457937
1.541026
1.618034
1.688656
1.752613
1.809654
1.859553
1.902113
1.937166
1.964575
1.984229
1.996053
2.000000
1.996053
1.984229
1.964575
1.937166
1.902113
1.859553
1.809654
1.752613
1.688656
1.618034
1.541026
1.457937
1.369094
1.274848
1.175571
1.071654
0.963507
0.851559
0.736249
0.618034
0.497380
0.374763
0.250666
0.125581
-0.000000
-0.125581
-0.250666
-0.374763
-0.497380
-0.618034
-0.736249
-0.851559
-0.963507
-1.071654
-1.175571
-1.274848
-1.369094
-1.457937
-1.541026
-1.618034
-1.688656
-1.752613
-1.809654
-1.859553
-1.902113
-1.937166
-1.964575
-1.984229
-1.996053
-2.000000
-1.996053
-1.984229
-1.964575
-1.937166
-1.902113
-1.859553
-1.809654
-1.752613
-1.688656
-1.618034
-1.541026
-1.457937
-1.369094
-1.274848
-1.175571
-1.071654
-0.963507
-0.851559
-0.736249
-0.618034
-0.497380
-0.374763
-0.250666
-0.125581
-0.000000
0.125581
0.250666
0.374763
0.497380
0.618034
0.736249
0.851559
0.963507
1.071654
1.175571
1.274848
1.369094
1.457937
1.541026
1.618034
1.688656
1.752613
1.809654
1.859553
1.902113
1.937166
1.964575
1.984229
1.996053
2.000000
1.996053
1.984229
1.964575
1.937166
1.902113
1.859553
1.809654
1.752613
1.688656
1.618034
1.541026
1.457937
1.369094
1.274848
1.175571
1.071654
0.963507
0.851559
0.736249
0.618034
0.497380
0.374763
0.250666
0.125581
0.000000
-0.125581
-0.250666
-0.374763
-0.497380
-0.618034
-0.736249
-0.851559
-0.963507
-1.071654
-1.175571
-1.274848
-1.369094
-1.457937
-1.541026
-1.618034
-1.688656
-1.752613
-1.809654
-1.859553
-1.902113
-1.937166
-1.964575
-1.984229
-1.996053
-2.000000
-1.996053
-1.984229
-1.964575
-1.937166
-1.902113
-1.859553
-1.809654
-1.752613
-1.688656
-1.618034
-1.541026
-1.457937
-1.369094
-1.274848
-1.175571
-1.071654
-0.963507
-0.851559
-0.736249
-0.618034
-0.497380
-0.374763
-0.250666
-0.125581
-0.000000
1.255810
2.506665
3.747626
4.973798
6.180340
7.362491
8.515586
9.635073
10.716536
11.755705
12.748480
13.690942
14.579373
15.410265
16.180340
16.886559
17.526134
18.096541
18.595530
19.021130
19.371663
19.645745
19.842294
19.960535
20.000000
19.960535
19.842294
19.645745
19.371663
19.021130
18.595530
18.096541
17.526134
16.886559
16.180340
15.410265
14.579373
13.690942
12.748480
11.755705
10.716536
9.635073
8.515586
7.362491
6.180340
4.973798
3.747626
2.506665
1.255810
-0.000000
-1.255810
-2.506665
-3.747626
-4.973798
-6.180340
-7.362491
-8.515586
-9.635073
-10.716536
-11.755705
-12.748480
-13.690942
-14.579373
-15.410265
-16.180340
-16.886559
-17.526134
-18.096541
-18.595530
-19.021130
-19.371663
-19.645745
-19.842294
-19.960535
-20.000000
-19.960535
-19.842294
-19.645745
-19.371663
-19.021130
-18.595530
-18.096541
-17.526134
-16.886559
-16.180340
-15.410265
-14.579373
-13.690942
-12.748480
-11.755705
-10.716536
-9.635073
-8.515586
-7.362491
-6.180340
-4.973798
-3.747626
-2.506665
-1.255810
-0.000000
1.255810
2.506665
3.747626
4.973798
6.180340
7.362491
8.515586
9.635073
10.716536
11.755705
12.748480
13.690942
14.579373
15.410265
16.180340
16.886559
17.526134
18.096541
18.595530
19.021130
19.371663
19.645745
19.842294
19.960535
20.000000
19.960535
19.842294
19.645745
19.371663
19.021130
18.595530
18.096541
17.526134
16.886559
16.180340
15.410265
14.579373
13.690942
12.748480
11.755705
10.716536
9.635073
8.515586
7.362491
6.180340
4.973798
3.747626
2.506665
1.255810
0.000000
-1.255810
-2.506665
-3.747626
-4.973798
-6.180340
-7.362491
-8.515586
-9.635073
-10.716536
-11.755705
-12.748480
-13.690942
-14.579373
-15.410265
-16.180340
-16.886559
-17.526134
-18.096541
-18.595530
-19.021130
-19.371663
-19.645745
-19.842294
-19.960535
-20.000000
-19.960535
-19.842294
-19.645745
-19.371663
-19.021130
-18.595530
-18.096541
-17.526134
-16.886559
-16.180340
-15.410265
-14.579373
-13.690942
-12.748480
-11.755705
-10.716536
-9.635073
-8.515586
-7.362491
-6.180340
-4.973798
-3.747626
-2.506665
-1.255810
-0.000000
0.125581
0.250666
0.374763
0.497380
0.618034
0.736249
0.851559
0.963507
1.071654
1.175571
1.274848
1.369094
1.457937
1.541026
1.618034
1.688656
1.752613
1.809654
1.859553
1.902113
1.937166
1.964575
1.984229
1.996053
2.000000
1.996053
1.984229
1.964575
1.937166
1.902113
1.859553
1.809654
1.752613
1.688656
1.618034
1.541026
1.457937
1.369094
1.274848
1.175571
1.071654
0.963507
0.851559
0.736249
0.618034
0.497380
0.374763
0.250666
0.125581
-0.000000
-0.125581
-0.250666
-0.374763
-0.497380
-0.618034
-0.736249
-0.851559
-0.963507
-1.071654
-1.175571
-1.274848
-1.369094
-1.457937
-1.541026
-1.618034
-1.688656
-1.752613
-1.809654
-1.859553
-1.902113
-1.937166
-1.964575
-1.984229
-1.996053
-2.000000
-1.996053
-1.984229
-1.964575
-1.937166
-1.902113
-1.859553
-1.809654
-1.752613
-1.688656
-1.618034
-1.541026
-1.457937
-1.369094
-1.274848
-1.175571
-1.071654
-0.963507
-0.851559
-0.736249
-0.618034
-0.497380
-0.374763
-0.250666
-0.125581
-0.000000
0.125581
0.250666
0.374763
0.497380
0.618034
0.736249
0.851559
0.963507
1.071654
1.175571
1.274848
1.369094
1.457937
1.541026
1.618034
1.688656
1.752613
1.809654
1.859553
1.902113
1.937166
1.964575
1.984229
1.996053
2.000000
1.996053
1.984229
1.964575
1.937166
1.902113
1.859553
1.809654
1.752613
1.688656
1.618034
1.541026
1.457937
1.369094
1.274848
1.175571
1.071654
0.963507
0.851559
0.736249
0.618034
0.497380
0.374763
0.250666
0.125581
0.000000
-0.125581
-0.250666
-0.374763
-0.497380
-0.618034
-0.736249
-0.851559
-0.963507
-1.071654
-1.175571
-1.274848
-1.369094
-1.457937
-1.541026
-1.618034
-1.688656
-1.752613
-1.809654
-1.859553
-1.902113
-1.937166
-1.964575
-1.984229
-1.996053
-2.000000
-1.996053
-1.984229
-1.964575
-1.937166
-1.902113
-1.859553
-1.809654
-1.752613
-1.688656
-1.618034
-1.541026
-1.457937
-1.369094
-1.274848
-1.175571
-1.071654
-0.963507
-0.851559
-0.736249
-0.618034
-0.497380
-0.374763
-0.250666
-0.125581
-0.000000
0.125581
0.250666
0.374763
0.497380
0.618034
0.736249
0.851559
0.963507
1.071654
1.175571
1.274848
1.369094
1.457937
1.541026
1.618034
1.688656
1.752613
1.809654
1.859553
1.902113
1.937166
1.964575
1.984229
1.996053
2.000000
1.996053
1.984229
1.964575
1.937166
1.902113
1.859553
1.809654
1.752613
1.688656
1.618034
1.541026
1.457937
1.369094
1.274848
1.175571
1.071654
0.963507
0.851559
0.736249
0.618034
0.497380
0.374763
0.250666
0.125581
-0.000000
-0.125581
-0.250666
-0.374763
-0.497380
-0.618034
-0.736249
-0.851559
-0.963507
-1.071654
-1.175571
-1.274848
-1.369094
-1.457937
-1.541026
-1.618034
-1.688656
-1.752613
-1.809654
-1.859553
-1.902113
-1.937166
-1.964575
-1.984229
-1.996053
-2.000000
-1.996053
-1.984229
-1.964575
-1.937166
-1.902113
-1.859553
-1.809654
-1.752613
-1.688656
-1.618034
-1.541026
-1.457937
-1.369094
-1.274848
-1.175571
-1.071654
-0.963507
-0.851559
-0.736249
-0.618034
-0.497380
-0.374763
-0.250666
-0.125581
0.000000
0.125581
0.250666
0.374763
0.497380
0.618034
0.736249
0.851559
0.963507
1.071654
1.175571
1.274848
1.369094
1.457937
1.541026
1.618034
1.688656
1.752613
1.809654
1.859553
1.902113
1.937166
1.964575
1.984229
1.996053
2.000000
1.996053
1.984229
1.964575
1.937166
1.902113
1.859553
1.809654
1.752613
1.688656
1.618034
1.541026
1.457937
1.369094
1.274848
1.175571
1.071654
0.963507
0.851559
0.736249
0.618034
0.497380
0.374763
0.250666
0.125581
0.000000
-0.125581
-0.250666
-0.374763
-0.497380
-0.618034
-0.736249
-0.851559
-0.963507
-1.071654
-1.175571
-1.274848
-1.369094
-1.457937
-1.541026
-1.618034
-1.688656
-1.752613
-1.809654
-1.859553
-1.902113
-1.937166
-1.964575
-1.984229
-1.996053
-2.000000
-1.996053
-1.984229
-1.964575
-1.937166
-1.902113
-1.859553
-1.809654
-1.752613
-1.688656
-1.618034
-1.541026
-1.457937
-1.369094
-1.274848
-1.175571
-1.071654
-0.963507
-0.851559
-0.736249
-0.618034
-0.497380
-0.374763
-0.250666
-0.125581
-0.000000
1.255810
2.506665
3.747626
4.973798
6.180340
7.362491
8.515586
9.635073
10.716536
11.755705
12.748480
13.690942
14.579373
15.410265
16.180340
16.886559
17.526134
18.096541
18.595530
19.021130
19.371663
19.645745
19.842294
19.960535
20.000000
19.960535
19.842294
19.645745
19.371663
19.021130
18.595530
18.096541
17.526134
16.886559
16.180340
15.410265
14.579373
13.690942
12.748480
11.755705
10.716536
9.635073
8.515586
7.362491
6.180340
4.973798
3.747626
2.506665
1.255810
-0.000000
-1.255810
-2.506665
-3.747626
-4.973798
-6.180340
-7.362491
-8.515586
-9.635073
-10.716536
-11.755705
-12.748480
-13.690942
-14.579373
-15.410265
-16.180340
-16.886559
-17.526134
-18.096541
-18.595530
-19.021130
-19.371663
-19.645745
-19.842294
-19.960535
-20.000000
-19.960535
-19.842294
-19.645745
-19.371663
-19.021130
-18.595530
-18.096541
-17.526134
-16.886559
-16.180340
-15.410265
-14.579373
-13.690942
-12.748480
-11.755705
-10.716536
-9.635073
-8.515586
-7.362491
-6.180340
-4.973798
-3.747626
-2.506665
-1.255810
-0.000000
1.255810
2.506665
3.747626
4.973798
6.180340
7.362491
8.515586
9.635073
10.716536
11.755705
12.748480
13.690942
14.579373
15.410265
16.180340
16.886559
17.526134
18.096541
18.595530
19.021130
19.371663
19.645745
19.842294
19.960535
20.000000
19.960535
19.842294
19.645745
19.371663
19.021130
18.595530
18.096541
17.526134
16.886559
16.180340
15.410265
14.579373
13.690942
12.748480
11.755705
10.716536
9.635073
8.515586
7.362491
6.180340
4.973798
3.747626
2.506665
1.255810
0.000000
-1.255810
-2.506665
-3.747626
-4.973798
-6.180340
-7.362491
-8.515586
-9.635073
-10.716536
-11.755705
-12.748480
-13.690942
-14.579373
-15.410265
-16.180340
-16.886559
-17.526134
-18.096541
-18.595530
-19.021130
-19.371663
-19.645745
-19.842294
-19.960535
-20.000000
-19.960535
-19.842294
-19.645745
-19.371663
-19.021130
-18.595530
-18.096541
-17.526134
-16.886559
-16.180340
-15.410265
-14.579373
-13.690942
-12.748480
-11.755705
-10.716536
-9.635073
-8.515586
-7.362491
-6.180340
-4.973798
-3.747626
-2.506665
-1.255810
-0.000000
1.255810
2.506665
3.747626
4.973798
6.180340
7.362491
8.515586
9.635073
10.716536
11.755705
12.748480
13.690942
14.579373
15.410265
16.180340
16.886559
17.526134
18.096541
18.595530
19.021130
19.371663
19.645745
19.842294
19.960535
20.000000
19.960535
19.842294
19.645745
19.371663
19.021130
18.595530
18.096541
17.526134
16.886559
16.180340
15.410265
14.579373
13.690942
12.748480
11.755705
10.716536
9.635073
8.515586
7.362491
6.180340
4.973798
3.747626
2.506665
1.255810
0.000000
-1.255810
-2.506665
-3.747626
-4.973798
-6.180340
-7.362491
-8.515586
-9.635073
-10.716536
-11.755705
-12.748480
-13.690942
-14.579373
-15.410265
-16.180340
-16.886559
-17.526134
-18.096541
-18.595530
-19.021130
-19.371663
-19.645745
-19.842294
-19.960535
-20.000000
-19.960535
-19.842294
-19.645745
-19.371663
-19.021130
-18.595530
-18.096541
-17.526134
-16.886559
-16.180340
-15.410265
-14.579373
-13.690942
-12.748480
-11.755705
-10.716536
-9.635073
-8.515586
-7.362491
-6.180340
-4.973798
-3.747626
-2.506665
-1.255810
0.000000
1.255810
2.506665
3.747626
4.973798
6.180340
7.362491
8.515586
9.635073
10.716536
11.755705
12.748480
13.690942
14.579373
15.410265
16.180340
16.886559
17.526134
18.096541
18.595530
19.021130
19.371663
19.645745
19.842294
19.960535
20.000000
19.960535
19.842294
19.645745
19.371663
19.021130
18.595530
18.096541
17.526134
16.886559
16.180340
15.410265
14.579373
13.690942
12.748480
11.755705
10.716536
9.635073
8.515586
7.362491
6.180340
4.973798
3.747626
2.506665
1.255810
0.000000
-1.255810
-2.506665
-3.747626
-4.973798
-6.180340
-7.362491
-8.515586
-9.635073
-10.716536
-11.755705
-12.748480
-13.690942
-14.579373
-15.410265
-16.180340
-16.886559
-17.526134
-18.096541
-18.595530
-19.021130
-19.371663
-19.645745
-19.842294
-19.960535
-20.000000
-19.960535
-19.842294
-19.645745
-19.371663
-19.021130
-18.595530
-18.096541
-17.526134
-16.886559
-16.180340
-15.410265
-14.579373
-13.690942
-12.748480
-11.755705
-10.716536
-9.635073
-8.515586
-7.362491
-6.180340
-4.973798
-3.747626
-2.506665
-1.255810
-0.000000
1.255810
2.506665
3.747626
4.973798
6.180340
7.362491
8.515586
9.635073
10.716536
11.755705
12.748480
13.690942
14.579373
15.410265
16.180340
16.886559
17.526134
18.096541
18.595530
19.021130
19.371663
19.645745
19.842294
19.960535
20.000000
19.960535
19.842294
19.645745
19.371663
19.021130
18.595530
18.096541
17.526134
16.886559
16.180340
15.410265
14.579373
13.690942
12.748480
11.755705
10.716536
9.635073
8.515586
7.362491
6.180340
4.973798
3.747626
2.506665
1.255810
0.000000
-1.255810
-2.506665
-3.747626
-4.973798
-6.180340
-7.362491
-8.515586
-9.635073
-10.716536
-11.755705
-12.748480
-13.690942
-14.579373
-15.410265
-16.180340
-16.886559
-17.526134
-18.096541
-18.595530
-19.021130
-19.371663
-19.645745
-19.842294
-19.960535
-20.000000
-19.960535
-19.842294
-19.645745
-19.371663
-19.021130
-18.595530
-18.096541
-17.526134
-16.886559
-16.180340
-15.410265
-14.579373
-13.690942
-12.748480
-11.755705
-10.716536
-9.635073
-8.515586
-7.362491
-6.180340
-4.973798
-3.747626
-2.506665
-1.255810
-0.000000
1.255810
2.506665
3.747626
4.973798
6.180340
7.362491
8.515586
9.635073
10.716536
11.755705
12.748480
13.690942
14.579373
15.410265
16.180340
16.886559
17.526134
18.096541
18.595530
19.021130
19.371663
19.645745
19.842294
19.960535
20.000000
19.960535
19.842294
19.645745
19.371663
19.021130
18.595530
18.096541
17.526134
16.886559
16.180340
15.410265
14.579373
13.690942
12.748480
11.755705
10.716536
9.635073
8.515586
7.362491
6.180340
4.973798
3.747626
2.506665
1.255810
0.000000
-1.255810
-2.506665
-3.747626
-4.973798
-6.180340
-7.362491
-8.515586
-9.635073
-10.716536
-11.755705
-12.748480
-13.690942
-14.579373
-15.410265
-16.180340
-16.886559
-17.526134
-18.096541
-18.595530
-19.021130
-19.371663
-19.645745
-19.842294
-19.960535
-20.000000
-19.960535
-19.842294
-19.645745
-19.371663
-19.021130
-18.595530
-18.096541
-17.526134
-16.886559
-16.180340
-15.410265
-14.579373
-13.690942
-12.748480
-11.755705
-10.716536
-9.635073
-8.515586
-7.362491
-6.180340
-4.973798
-3.747626
-2.506665
-1.255810
