0.000000
0.190983
0.881966
2.190983
4.000000
6.000000
7.809017
9.118034
9.809017
10.000000
10.000000
10.190983
10.881966
12.190983
14.000000
16.000000
17.809017
19.118034
19.809017
20.000000
20.000000
20.190983
20.881966
22.190983
24.000000
26.000000
27.809017
29.118034
29.809017
30.000000
30.000000
30.190983
30.881966
32.190983
34.000000
36.000000
37.809017
39.118034
39.809017
40.000000
40.000000
40.190983
40.881966
42.190983
44.000000
46.000000
47.809017
49.118034
49.809017
50.000000
50.000000
50.190983
50.881966
52.190983
54.000000
56.000000
57.809017
59.118034
59.809017
60.000000
60.000000
60.190983
60.881966
62.190983
64.000000
66.000000
67.809017
69.118034
69.809017
70.000000
70.000000
70.190983
70.881966
72.190983
74.000000
76.000000
77.809017
79.118034
79.809017
80.000000
80.000000
80.190983
80.881966
82.190983
84.000000
86.000000
87.809017
89.118034
89.809017
90.000000
90.000000
90.190983
90.881966
92.190983
94.000000
96.000000
97.809017
99.118034
99.809017
100.000000
100.000000
100.190983
100.881966
102.190983
104.000000
106.000000
107.809017
109.118034
109.809017
110.000000
110.000000
110.190983
110.881966
112.190983
114.000000
116.000000
117.809017
119.118034
119.809017
120.000000
120.000000
120.190983
120.881966
122.190983
124.000000
126.000000
127.809017
129.118034
129.809017
130.000000
130.000000
130.190983
130.881966
132.190983
134.000000
136.000000
137.809017
139.118034
139.809017
140.000000
140.000000
140.190983
140.881966
142.190983
144.000000
146.000000
147.809017
149.118034
149.809017
150.000000
150.000000
150.190983
150.881966
152.190983
154.000000
156.000000
157.809017
159.118034
159.809017
160.000000
160.000000
160.190983
160.881966
162.190983
164.000000
166.000000
167.809017
169.118034
169.809017
170.000000
170.000000
170.190983
170.881966
172.190983
174.000000
176.000000
177.809017
179.118034
179.809017
180.000000
180.000000
180.190983
180.881966
182.190983
184.000000
186.000000
187.809017
189.118034
189.809017
190.000000
190.000000
190.190983
190.881966
192.190983
194.000000
196.000000
197.809017
199.118034
199.809017
200.000000
200.000000
0.019413
0.093228
0.245498
0.483896
0.796765
1.153185
1.506149
1.798501
1.970927
1.970927
1.761576
1.328819
0.686220
-0.123660
-1.031641
-1.947991
-2.771637
-3.401539
-3.748926
-3.748926
-3.370129
-2.620792
-1.550767
-0.248681
1.165533
2.552114
3.765819
4.671611
5.159954
5.159954
4.648790
3.656223
2.263513
0.596679
-1.185334
-2.906417
-4.391376
-5.484393
-6.065890
-6.065890
-5.472396
-4.333758
-2.754691
-0.886270
1.089107
2.976221
4.587074
5.760325
6.378054
6.378054
5.760325
4.587074
2.976221
1.089107
-0.886270
-2.754691
-4.333758
-5.472396
-6.065890
-6.065890
-5.484393
-4.391376
-2.906417
-1.185334
0.596679
2.263513
3.656223
4.648790
5.159954
5.159954
4.671611
3.765819
2.552114
1.165533
-0.248681
-1.550767
-2.620792
-3.370129
-3.748926
-3.748926
-3.401539
-2.771637
-1.947991
-1.031641
-0.123660
0.686220
1.328819
1.761576
1.970927
1.970927
1.798501
1.506149
1.153185
0.796765
0.483896
0.245498
0.093228
0.019413
0.000000
0.000000
-0.019413
-0.093228
-0.245498
-0.483896
-0.796765
-1.153185
-1.506149
-1.798501
-1.970927
-1.970927
-1.761576
-1.328819
-0.686220
0.123660
1.031641
1.947991
2.771637
3.401539
3.748926
3.748926
3.370129
2.620792
1.550767
0.248681
-1.165533
-2.552114
-3.765819
-4.671611
-5.159954
-5.159954
-4.648790
-3.656223
-2.263513
-0.596679
1.185334
2.906417
4.391376
5.484393
6.065890
6.065890
5.472396
4.333758
2.754691
0.886270
-1.089107
-2.976221
-4.587074
-5.760325
-6.378054
-6.378054
-5.760325
-4.587074
-2.976221
-1.089107
0.886270
2.754691
4.333758
5.472396
6.065890
6.065890
5.484393
4.391376
2.906417
1.185334
-0.596679
-2.263513
-3.656223
-4.648790
-5.159954
-5.159954
-4.671611
-3.765819
-2.552114
-1.165533
0.248681
1.550767
2.620792
3.370129
3.748926
3.748926
3.401539
2.771637
1.947991
1.031641
0.123660
-0.686220
-1.328819
-1.761576
-1.970927
-1.970927
-1.798501
-1.506149
-1.153185
-0.796765
-0.483896
-0.245498
-0.093228
-0.019413
0.000000
0.000000
0.019413
0.093228
0.245498
0.483896
0.796765
1.153185
1.506149
1.798501
1.970927
1.970927
1.761576
1.328819
0.686220
-0.123660
-1.031641
-1.947991
-2.771637
-3.401539
-3.748926
-3.748926
-3.370129
-2.620792
-1.550767
-0.248681
1.165533
2.552114
3.765819
4.671611
5.159954
5.159954
4.648790
3.656223
2.263513
0.596679
-1.185334
-2.906417
-4.391376
-5.484393
-6.065890
-6.065890
-5.472396
-4.333758
-2.754691
-0.886270
1.089107
2.976221
4.587074
5.760325
6.378054
6.378054
5.760325
4.587074
2.976221
1.089107
-0.886270
-2.754691
-4.333758
-5.472396
-6.065890
-6.065890
-5.484393
-4.391376
-2.906417
-1.185334
0.596679
2.263513
3.656223
4.648790
5.159954
5.159954
4.671611
3.765819
2.552114
1.165533
-0.248681
-1.550767
-2.620792
-3.370129
-3.748926
-3.748926
-3.401539
-2.771637
-1.947991
-1.031641
-0.123660
0.686220
1.328819
1.761576
1.970927
1.970927
1.798501
1.506149
1.153185
0.796765
0.483896
0.245498
0.093228
0.019413
0.000000
0.000000
-0.019413
-0.093228
-0.245498
-0.483896
-0.796765
-1.153185
-1.506149
-1.798501
-1.970927
-1.970927
-1.761576
-1.328819
-0.686220
0.123660
1.031641
1.947991
2.771637
3.401539
3.748926
3.748926
3.370129
2.620792
1.550767
0.248681
-1.165533
-2.552114
-3.765819
-4.671611
-5.159954
-5.159954
-4.648790
-3.656223
-2.263513
-0.596679
1.185334
2.906417
4.391376
5.484393
6.065890
6.065890
5.472396
4.333758
2.754691
0.886270
-1.089107
-2.976221
-4.587074
-5.760325
-6.378054
-6.378054
-5.760325
-4.587074
-2.976221
-1.089107
0.886270
2.754691
4.333758
5.472396
6.065890
6.065890
5.484393
4.391376
2.906417
1.185334
-0.596679
-2.263513
-3.656223
-4.648790
-5.159954
-5.159954
-4.671611
-3.765819
-2.552114
-1.165533
0.248681
1.550767
2.620792
3.370129
3.748926
3.748926
3.401539
2.771637
1.947991
1.031641
0.123660
-0.686220
-1.328819
-1.761576
-1.970927
-1.970927
-1.798501
-1.506149
-1.153185
-0.796765
-0.483896
-0.245498
-0.093228
-0.019413
0.000000
0.000000
0.019413
0.093228
0.245498
0.483896
0.796765
1.153185
1.506149
1.798501
1.970927
1.970927
1.761576
1.328819
0.686220
-0.123660
-1.031641
-1.947991
-2.771637
-3.401539
-3.748926
-3.748926
-3.370129
-2.620792
-1.550767
-0.248681
1.165533
2.552114
3.765819
4.671611
5.159954
5.159954
4.648790
3.656223
2.263513
0.596679
-1.185334
-2.906417
-4.391376
-5.484393
-6.065890
-6.065890
-5.472396
-4.333758
-2.754691
-0.886270
1.089107
2.976221
4.587074
5.760325
6.378054
6.378054
5.760325
4.587074
2.976221
1.089107
-0.886270
-2.754691
-4.333758
-5.472396
-6.065890
-6.065890
-5.484393
-4.391376
-2.906417
-1.185334
0.596679
2.263513
3.656223
4.648790
5.159954
5.159954
4.671611
3.765819
2.552114
1.165533
-0.248681
-1.550767
-2.620792
-3.370129
-3.748926
-3.748926
-3.401539
-2.771637
-1.947991
-1.031641
-0.123660
0.686220
1.328819
1.761576
1.970927
1.970927
1.798501
1.506149
1.153185
0.796765
0.483896
0.245498
0.093228
0.019413
0.000000
0.000000
-0.019413
-0.093228
-0.245498
-0.483896
-0.796765
-1.153185
-1.506149
-1.798501
-1.970927
-1.970927
-1.761576
-1.328819
-0.686220
0.123660
1.031641
1.947991
2.771637
3.401539
3.748926
3.748926
3.370129
2.620792
1.550767
0.248681
-1.165533
-2.552114
-3.765819
-4.671611
-5.159954
-5.159954
-4.648790
-3.656223
-2.263513
-0.596679
1.185334
2.906417
4.391376
5.484393
6.065890
6.065890
5.472396
4.333758
2.754691
0.886270
-1.089107
-2.976221
-4.587074
-5.760325
-6.378054
-6.378054
-5.760325
-4.587074
-2.976221
-1.089107
0.886270
2.754691
4.333758
5.472396
6.065890
6.065890
5.484393
4.391376
2.906417
1.185334
-0.596679
-2.263513
-3.656223
-4.648790
-5.159954
-5.159954
-4.671611
-3.765819
-2.552114
-1.165533
0.248681
1.550767
2.620792
3.370129
3.748926
3.748926
3.401539
2.771637
1.947991
1.031641
0.123660
-0.686220
-1.328819
-1.761576
-1.970927
-1.970927
-1.798501
-1.506149
-1.153185
-0.796765
-0.483896
-0.245498
-0.093228
-0.019413
0.000000
0.000000
0.190983
0.881966
2.190983
4.000000
6.000000
7.809017
9.118034
9.809017
10.000000
10.000000
10.190983
10.881966
12.190983
14.000000
16.000000
17.809017
19.118034
19.809017
20.000000
20.000000
20.190983
20.881966
22.190983
24.000000
26.000000
27.809017
29.118034
29.809017
30.000000
30.000000
30.190983
30.881966
32.190983
34.000000
36.000000
37.809017
39.118034
39.809017
40.000000
40.000000
40.190983
40.881966
42.190983
44.000000
46.000000
47.809017
49.118034
49.809017
50.000000
50.000000
50.190983
50.881966
52.190983
54.000000
56.000000
57.809017
59.118034
59.809017
60.000000
60.000000
60.190983
60.881966
62.190983
64.000000
66.000000
67.809017
69.118034
69.809017
70.000000
70.000000
70.190983
70.881966
72.190983
74.000000
76.000000
77.809017
79.118034
79.809017
80.000000
80.000000
80.190983
80.881966
82.190983
84.000000
86.000000
87.809017
89.118034
89.809017
90.000000
90.000000
90.190983
90.881966
92.190983
94.000000
96.000000
97.809017
99.118034
99.809017
100.000000
100.000000
100.190983
100.881966
102.190983
104.000000
106.000000
107.809017
109.118034
109.809017
110.000000
110.000000
110.190983
110.881966
112.190983
114.000000
116.000000
117.809017
119.118034
119.809017
120.000000
120.000000
120.190983
120.881966
122.190983
124.000000
126.000000
127.809017
129.118034
129.809017
130.000000
130.000000
130.190983
130.881966
132.190983
134.000000
136.000000
137.809017
139.118034
139.809017
140.000000
140.000000
140.190983
140.881966
142.190983
144.000000
146.000000
147.809017
149.118034
149.809017
150.000000
150.000000
150.190983
150.881966
152.190983
154.000000
156.000000
157.809017
159.118034
159.809017
160.000000
160.000000
160.190983
160.881966
162.190983
164.000000
166.000000
167.809017
169.118034
169.809017
170.000000
170.000000
170.190983
170.881966
172.190983
174.000000
176.000000
177.809017
179.118034
179.809017
180.000000
180.000000
180.190983
180.881966
182.190983
184.000000
186.000000
187.809017
189.118034
189.809017
190.000000
190.000000
190.190983
190.881966
192.190983
194.000000
196.000000
197.809017
199.118034
199.809017
200.000000
200.000000
0.019413
0.093228
0.245498
0.483896
0.796765
1.153185
1.506149
1.798501
1.970927
1.970927
1.761576
1.328819
0.686220
-0.123660
-1.031641
-1.947991
-2.771637
-3.401539
-3.748926
-3.748926
-3.370129
-2.620792
-1.550767
-0.248681
1.165533
2.552114
3.765819
4.671611
5.159954
5.159954
4.648790
3.656223
2.263513
0.596679
-1.185334
-2.906417
-4.391376
-5.484393
-6.065890
-6.065890
-5.472396
-4.333758
-2.754691
-0.886270
1.089107
2.976221
4.587074
5.760325
6.378054
6.378054
5.760325
4.587074
2.976221
1.089107
-0.886270
-2.754691
-4.333758
-5.472396
-6.065890
-6.065890
-5.484393
-4.391376
-2.906417
-1.185334
0.596679
2.263513
3.656223
4.648790
5.159954
5.159954
4.671611
3.765819
2.552114
1.165533
-0.248681
-1.550767
-2.620792
-3.370129
-3.748926
-3.748926
-3.401539
-2.771637
-1.947991
-1.031641
-0.123660
0.686220
1.328819
1.761576
1.970927
1.970927
1.798501
1.506149
1.153185
0.796765
0.483896
0.245498
0.093228
0.019413
-0.000000
-0.000000
-0.019413
-0.093228
-0.245498
-0.483896
-0.796765
-1.153185
-1.506149
-1.798501
-1.970927
-1.970927
-1.761576
-1.328819
-0.686220
0.123660
1.031641
1.947991
2.771637
3.401539
3.748926
3.748926
3.370129
2.620792
1.550767
0.248681
-1.165533
-2.552114
-3.765819
-4.671611
-5.159954
-5.159954
-4.648790
-3.656223
-2.263513
-0.596679
1.185334
2.906417
4.391376
5.484393
6.065890
6.065890
5.472396
4.333758
2.754691
0.886270
-1.089107
-2.976221
-4.587074
-5.760325
-6.378054
-6.378054
-5.760325
-4.587074
-2.976221
-1.089107
0.886270
2.754691
4.333758
5.472396
6.065890
6.065890
5.484393
4.391376
2.906417
1.185334
-0.596679
-2.263513
-3.656223
-4.648790
-5.159954
-5.159954
-4.671611
-3.765819
-2.552114
-1.165533
0.248681
1.550767
2.620792
3.370129
3.748926
3.748926
3.401539
2.771637
1.947991
1.031641
0.123660
-0.686220
-1.328819
-1.761576
-1.970927
-1.970927
-1.798501
-1.506149
-1.153185
-0.796765
-0.483896
-0.245498
-0.093228
-0.019413
-0.000000
-0.000000
0.019413
0.093228
0.245498
0.483896
0.796765
1.153185
1.506149
1.798501
1.970927
1.970927
1.761576
1.328819
0.686220
-0.123660
-1.031641
-1.947991
-2.771637
-3.401539
-3.748926
-3.748926
-3.370129
-2.620792
-1.550767
-0.248681
1.165533
2.552114
3.765819
4.671611
5.159954
5.159954
4.648790
3.656223
2.263513
0.596679
-1.185334
-2.906417
-4.391376
-5.484393
-6.065890
-6.065890
-5.472396
-4.333758
-2.754691
-0.886270
1.089107
2.976221
4.587074
5.760325
6.378054
6.378054
5.760325
4.587074
2.976221
1.089107
-0.886270
-2.754691
-4.333758
-5.472396
-6.065890
-6.065890
-5.484393
-4.391376
-2.906417
-1.185334
0.596679
2.263513
3.656223
4.648790
5.159954
5.159954
4.671611
3.765819
2.552114
1.165533
-0.248681
-1.550767
-2.620792
-3.370129
-3.748926
-3.748926
-3.401539
-2.771637
-1.947991
-1.031641
-0.123660
0.686220
1.328819
1.761576
1.970927
1.970927
1.798501
1.506149
1.153185
0.796765
0.483896
0.245498
0.093228
0.019413
-0.000000
-0.000000
-0.019413
-0.093228
-0.245498
-0.483896
-0.796765
-1.153185
-1.506149
-1.798501
-1.970927
-1.970927
-1.761576
-1.328819
-0.686220
0.123660
1.031641
1.947991
2.771637
3.401539
3.748926
3.748926
3.370129
2.620792
1.550767
0.248681
-1.165533
-2.552114
-3.765819
-4.671611
-5.159954
-5.159954
-4.648790
-3.656223
-2.263513
-0.596679
1.185334
2.906417
4.391376
5.484393
6.065890
6.065890
5.472396
4.333758
2.754691
0.886270
-1.089107
-2.976221
-4.587074
-5.760325
-6.378054
-6.378054
-5.760325
-4.587074
-2.976221
-1.089107
0.886270
2.754691
4.333758
5.472396
6.065890
6.065890
5.484393
4.391376
2.906417
1.185334
-0.596679
-2.263513
-3.656223
-4.648790
-5.159954
-5.159954
-4.671611
-3.765819
-2.552114
-1.165533
0.248681
1.550767
2.620792
3.370129
3.748926
3.748926
3.401539
2.771637
1.947991
1.031641
0.123660
-0.686220
-1.328819
-1.761576
-1.970927
-1.970927
-1.798501
-1.506149
-1.153185
-0.796765
-0.483896
-0.245498
-0.093228
-0.019413
-0.000000
-0.000000
0.190983
0.881966
2.190983
4.000000
6.000000
7.809017
9.118034
9.809017
10.000000
10.000000
10.190983
10.881966
12.190983
14.000000
16.000000
17.809017
19.118034
19.809017
20.000000
20.000000
20.190983
20.881966
22.190983
24.000000
26.000000
27.809017
29.118034
29.809017
30.000000
30.000000
30.190983
30.881966
32.190983
34.000000
36.000000
37.809017
39.118034
39.809017
40.000000
40.000000
40.190983
40.881966
42.190983
44.000000
46.000000
47.809017
49.118034
49.809017
50.000000
50.000000
50.190983
50.881966
52.190983
54.000000
56.000000
57.809017
59.118034
59.809017
60.000000
60.000000
60.190983
60.881966
62.190983
64.000000
66.000000
67.809017
69.118034
69.809017
70.000000
70.000000
70.190983
70.881966
72.190983
74.000000
76.000000
77.809017
79.118034
79.809017
80.000000
80.000000
80.190983
80.881966
82.190983
84.000000
86.000000
87.809017
89.118034
89.809017
90.000000
90.000000
90.190983
90.881966
92.190983
94.000000
96.000000
97.809017
99.118034
99.809017
100.000000
100.000000
100.190983
100.881966
102.190983
104.000000
106.000000
107.809017
109.118034
109.809017
110.000000
110.000000
110.190983
110.881966
112.190983
114.000000
116.000000
117.809017
119.118034
119.809017
120.000000
120.000000
120.190983
120.881966
122.190983
124.000000
126.000000
127.809017
129.118034
129.809017
130.000000
130.000000
130.190983
130.881966
132.190983
134.000000
136.000000
137.809017
139.118034
139.809017
140.000000
140.000000
140.190983
140.881966
142.190983
144.000000
146.000000
147.809017
149.118034
149.809017
150.000000
150.000000
150.190983
150.881966
152.190983
154.000000
156.000000
157.809017
159.118034
159.809017
160.000000
160.000000
160.190983
160.881966
162.190983
164.000000
166.000000
167.809017
169.118034
169.809017
170.000000
170.000000
170.190983
170.881966
172.190983
174.000000
176.000000
177.809017
179.118034
179.809017
180.000000
180.000000
180.190983
180.881966
182.190983
184.000000
186.000000
187.809017
189.118034
189.809017
190.000000
190.000000
190.190983
190.881966
192.190983
194.000000
196.000000
197.809017
199.118034
199.809017
200.000000
200.000000
0.190983
0.881966
2.190983
4.000000
6.000000
7.809017
9.118034
9.809017
10.000000
10.000000
10.190983
10.881966
12.190983
14.000000
16.000000
17.809017
19.118034
19.809017
20.000000
20.000000
20.190983
20.881966
22.190983
24.000000
26.000000
27.809017
29.118034
29.809017
30.000000
30.000000
30.190983
30.881966
32.190983
34.000000
36.000000
37.809017
39.118034
39.809017
40.000000
40.000000
40.190983
40.881966
42.190983
44.000000
46.000000
47.809017
49.118034
49.809017
50.000000
50.000000
50.190983
50.881966
52.190983
54.000000
56.000000
57.809017
59.118034
59.809017
60.000000
60.000000
60.190983
60.881966
62.190983
64.000000
66.000000
67.809017
69.118034
69.809017
70.000000
70.000000
70.190983
70.881966
72.190983
74.000000
76.000000
77.809017
79.118034
79.809017
80.000000
80.000000
80.190983
80.881966
82.190983
84.000000
86.000000
87.809017
89.118034
89.809017
90.000000
90.000000
90.190983
90.881966
92.190983
94.000000
96.000000
97.809017
99.118034
99.809017
100.000000
100.000000
100.190983
100.881966
102.190983
104.000000
106.000000
107.809017
109.118034
109.809017
110.000000
110.000000
110.190983
110.881966
112.190983
114.000000
116.000000
117.809017
119.118034
119.809017
120.000000
120.000000
120.190983
120.881966
122.190983
124.000000
126.000000
127.809017
129.118034
129.809017
130.000000
130.000000
130.190983
130.881966
132.190983
134.000000
136.000000
137.809017
139.118034
139.809017
140.000000
140.000000
140.190983
140.881966
142.190983
144.000000
146.000000
147.809017
149.118034
149.809017
150.000000
150.000000
150.190983
150.881966
152.190983
154.000000
156.000000
157.809017
159.118034
159.809017
160.000000
160.000000
160.190983
160.881966
162.190983
164.000000
166.000000
167.809017
169.118034
169.809017
170.000000
170.000000
170.190983
170.881966
172.190983
174.000000
176.000000
177.809017
179.118034
179.809017
180.000000
180.000000
180.190983
180.881966
182.190983
184.000000
186.000000
187.809017
189.118034
189.809017
190.000000
190.000000
190.190983
190.881966
192.190983
194.000000
196.000000
197.809017
199.118034
199.809017
200.000000
200.000000
0.190983
0.881966
2.190983
4.000000
6.000000
7.809017
9.118034
9.809017
10.000000
10.000000
10.190983
10.881966
12.190983
14.000000
16.000000
17.809017
19.118034
19.809017
20.000000
20.000000
20.190983
20.881966
22.190983
24.000000
26.000000
27.809017
29.118034
29.809017
30.000000
30.000000
30.190983
30.881966
32.190983
34.000000
36.000000
37.809017
39.118034
39.809017
40.000000
40.000000
40.190983
40.881966
42.190983
44.000000
46.000000
47.809017
49.118034
49.809017
50.000000
50.000000
50.190983
50.881966
52.190983
54.000000
56.000000
57.809017
59.118034
59.809017
60.000000
60.000000
60.190983
60.881966
62.190983
64.000000
66.000000
67.809017
69.118034
69.809017
70.000000
70.000000
70.190983
70.881966
72.190983
74.000000
76.000000
77.809017
79.118034
79.809017
80.000000
80.000000
80.190983
80.881966
82.190983
84.000000
86.000000
87.809017
89.118034
89.809017
90.000000
90.000000
90.190983
90.881966
92.190983
94.000000
96.000000
97.809017
99.118034
99.809017
100.000000
100.000000
100.190983
100.881966
102.190983
104.000000
106.000000
107.809017
109.118034
109.809017
110.000000
110.000000
110.190983
110.881966
112.190983
114.000000
116.000000
117.809017
119.118034
119.809017
120.000000
120.000000
120.190983
120.881966
122.190983
124.000000
126.000000
127.809017
129.118034
129.809017
130.000000
130.000000
130.190983
130.881966
132.190983
134.000000
136.000000
137.809017
139.118034
139.809017
140.000000
140.000000
140.190983
140.881966
142.190983
144.000000
146.000000
147.809017
149.118034
149.809017
150.000000
150.000000
150.190983
150.881966
152.190983
154.000000
156.000000
157.809017
159.118034
159.809017
160.000000
160.000000
160.190983
160.881966
162.190983
164.000000
166.000000
167.809017
169.118034
169.809017
170.000000
170.000000
170.190983
170.881966
172.190983
174.000000
176.000000
177.809017
179.118034
179.809017
180.000000
180.000000
180.190983
180.881966
182.190983
184.000000
186.000000
187.809017
189.118034
189.809017
190.000000
190.000000
190.190983
190.881966
192.190983
194.000000
196.000000
197.809017
199.118034
199.809017
200.000000
