0.000000
0.019413
0.093228
0.245498
0.483896
0.796765
1.153185
1.506149
1.798501
1.970927
1.970927
1.761576
1.328819
0.686220
-0.123660
-1.031641
-1.947991
-2.771637
-3.401539
-3.748926
-3.748926
-3.370129
-2.620792
-1.550767
-0.248681
1.165533
2.552114
3.765819
4.671611
5.159954
5.159954
4.648790
3.656223
2.263513
0.596679
-1.185334
-2.906417
-4.391376
-5.484393
-6.065890
-6.065890
-5.472396
-4.333758
-2.754691
-0.886270
1.089107
2.976221
4.587074
5.760325
6.378054
6.378054
5.760325
4.587074
2.976221
1.089107
-0.886270
-2.754691
-4.333758
-5.472396
-6.065890
-6.065890
-5.484393
-4.391376
-2.906417
-1.185334
0.596679
2.263513
3.656223
4.648790
5.159954
5.159954
4.671611
3.765819
2.552114
1.165533
-0.248681
-1.550767
-2.620792
-3.370129
-3.748926
-3.748926
-3.401539
-2.771637
-1.947991
-1.031641
-0.123660
0.686220
1.328819
1.761576
1.970927
1.970927
1.798501
1.506149
1.153185
0.796765
0.483896
0.245498
0.093228
0.019413
-0.000000
-0.000000
-0.019413
-0.093228
-0.245498
-0.483896
-0.796765
-1.153185
-1.506149
-1.798501
-1.970927
-1.970927
-1.761576
-1.328819
-0.686220
0.123660
1.031641
1.947991
2.771637
3.401539
3.748926
3.748926
3.370129
2.620792
1.550767
0.248681
-1.165533
-2.552114
-3.765819
-4.671611
-5.159954
-5.159954
-4.648790
-3.656223
-2.263513
-0.596679
1.185334
2.906417
4.391376
5.484393
6.065890
6.065890
5.472396
4.333758
2.754691
0.886270
-1.089107
-2.976221
-4.587074
-5.760325
-6.378054
-6.378054
-5.760325
-4.587074
-2.976221
-1.089107
0.886270
2.754691
4.333758
5.472396
6.065890
6.065890
5.484393
4.391376
2.906417
1.185334
-0.596679
-2.263513
-3.656223
-4.648790
-5.159954
-5.159954
-4.671611
-3.765819
-2.552114
-1.165533
0.248681
1.550767
2.620792
3.370129
3.748926
3.748926
3.401539
2.771637
1.947991
1.031641
0.123660
-0.686220
-1.328819
-1.761576
-1.970927
-1.970927
-1.798501
-1.506149
-1.153185
-0.796765
-0.483896
-0.245498
-0.093228
-0.019413
-0.000000
-0.000000
0.001973
0.009859
0.027571
0.058988
0.107932
0.178155
0.273328
0.397021
0.552693
0.743677
0.973163
1.244195
1.559648
1.922224
2.334438
2.798611
3.316858
3.891079
4.522954
5.213937
5.965247
6.777866
7.652533
8.589742
9.589742
10.652533
11.777866
12.965247
14.213937
15.522954
16.891079
18.316858
19.798611
21.334438
22.922224
24.559648
26.244195
27.973163
29.743677
31.552693
33.397021
35.273328
37.178155
39.107932
41.058988
43.027571
45.009859
47.001973
49.000000
51.000000
52.998027
54.990141
56.972429
58.941012
60.892068
62.821845
64.726672
66.602979
68.447307
70.256323
72.026837
73.755805
75.440352
77.077776
78.665562
80.201389
81.683142
83.108921
84.477046
85.786063
87.034753
88.222134
89.347467
90.410258
91.410258
92.347467
93.222134
94.034753
94.786063
95.477046
96.108921
96.683142
97.201389
97.665562
98.077776
98.440352
98.755805
99.026837
99.256323
99.447307
99.602979
99.726672
99.821845
99.892068
99.941012
99.972429
99.990141
99.998027
100.000000
100.000000
100.001973
100.009859
100.027571
100.058988
100.107932
100.178155
100.273328
100.397021
100.552693
100.743677
100.973163
101.244195
101.559648
101.922224
102.334438
102.798611
103.316858
103.891079
104.522954
105.213937
105.965247
106.777866
107.652533
108.589742
109.589742
110.652533
111.777866
112.965247
114.213937
115.522954
116.891079
118.316858
119.798611
121.334438
122.922224
124.559648
126.244195
127.973163
129.743677
131.552693
133.397021
135.273328
137.178155
139.107932
141.058988
143.027571
145.009859
147.001973
149.000000
151.000000
152.998027
154.990141
156.972429
158.941012
160.892068
162.821845
164.726672
166.602979
168.447307
170.256323
172.026837
173.755805
175.440352
177.077776
178.665562
180.201389
181.683142
183.108921
184.477046
185.786063
187.034753
188.222134
189.347467
190.410258
191.410258
192.347467
193.222134
194.034753
194.786063
195.477046
196.108921
196.683142
197.201389
197.665562
198.077776
198.440352
198.755805
199.026837
199.256323
199.447307
199.602979
199.726672
199.821845
199.892068
199.941012
199.972429
199.990141
199.998027
200.000000
200.000000
0.001973
0.009859
0.027571
0.058988
0.107932
0.178155
0.273328
0.397021
0.552693
0.743677
0.973163
1.244195
1.559648
1.922224
2.334438
2.798611
3.316858
3.891079
4.522954
5.213937
5.965247
6.777866
7.652533
8.589742
9.589742
10.652533
11.777866
12.965247
14.213937
15.522954
16.891079
18.316858
19.798611
21.334438
22.922224
24.559648
26.244195
27.973163
29.743677
31.552693
33.397021
35.273328
37.178155
39.107932
41.058988
43.027571
45.009859
47.001973
49.000000
51.000000
52.998027
54.990141
56.972429
58.941012
60.892068
62.821845
64.726672
66.602979
68.447307
70.256323
72.026837
73.755805
75.440352
77.077776
78.665562
80.201389
81.683142
83.108921
84.477046
85.786063
87.034753
88.222134
89.347467
90.410258
91.410258
92.347467
93.222134
94.034753
94.786063
95.477046
96.108921
96.683142
97.201389
97.665562
98.077776
98.440352
98.755805
99.026837
99.256323
99.447307
99.602979
99.726672
99.821845
99.892068
99.941012
99.972429
99.990141
99.998027
100.000000
100.000000
100.001973
100.009859
100.027571
100.058988
100.107932
100.178155
100.273328
100.397021
100.552693
100.743677
100.973163
101.244195
101.559648
101.922224
102.334438
102.798611
103.316858
103.891079
104.522954
105.213937
105.965247
106.777866
107.652533
108.589742
109.589742
110.652533
111.777866
112.965247
114.213937
115.522954
116.891079
118.316858
119.798611
121.334438
122.922224
124.559648
126.244195
127.973163
129.743677
131.552693
133.397021
135.273328
137.178155
139.107932
141.058988
143.027571
145.009859
147.001973
149.000000
151.000000
152.998027
154.990141
156.972429
158.941012
160.892068
162.821845
164.726672
166.602979
168.447307
170.256323
172.026837
173.755805
175.440352
177.077776
178.665562
180.201389
181.683142
183.108921
184.477046
185.786063
187.034753
188.222134
189.347467
190.410258
191.410258
192.347467
193.222134
194.034753
194.786063
195.477046
196.108921
196.683142
197.201389
197.665562
198.077776
198.440352
198.755805
199.026837
199.256323
199.447307
199.602979
199.726672
199.821845
199.892068
199.941012
199.972429
199.990141
199.998027
200.000000
200.000000
0.001973
0.009859
0.027571
0.058988
0.107932
0.178155
0.273328
0.397021
0.552693
0.743677
0.973163
1.244195
1.559648
1.922224
2.334438
2.798611
3.316858
3.891079
4.522954
5.213937
5.965247
6.777866
7.652533
8.589742
9.589742
10.652533
11.777866
12.965247
14.213937
15.522954
16.891079
18.316858
19.798611
21.334438
22.922224
24.559648
26.244195
27.973163
29.743677
31.552693
33.397021
35.273328
37.178155
39.107932
41.058988
43.027571
45.009859
47.001973
49.000000
51.000000
52.998027
54.990141
56.972429
58.941012
60.892068
62.821845
64.726672
66.602979
68.447307
70.256323
72.026837
73.755805
75.440352
77.077776
78.665562
80.201389
81.683142
83.108921
84.477046
85.786063
87.034753
88.222134
89.347467
90.410258
91.410258
92.347467
93.222134
94.034753
94.786063
95.477046
96.108921
96.683142
97.201389
97.665562
98.077776
98.440352
98.755805
99.026837
99.256323
99.447307
99.602979
99.726672
99.821845
99.892068
99.941012
99.972429
99.990141
99.998027
100.000000
100.000000
100.001973
100.009859
100.027571
100.058988
100.107932
100.178155
100.273328
100.397021
100.552693
100.743677
100.973163
101.244195
101.559648
101.922224
102.334438
102.798611
103.316858
103.891079
104.522954
105.213937
105.965247
106.777866
107.652533
108.589742
109.589742
110.652533
111.777866
112.965247
114.213937
115.522954
116.891079
118.316858
119.798611
121.334438
122.922224
124.559648
126.244195
127.973163
129.743677
131.552693
133.397021
135.273328
137.178155
139.107932
141.058988
143.027571
145.009859
147.001973
149.000000
151.000000
152.998027
154.990141
156.972429
158.941012
160.892068
162.821845
164.726672
166.602979
168.447307
170.256323
172.026837
173.755805
175.440352
177.077776
178.665562
180.201389
181.683142
183.108921
184.477046
185.786063
187.034753
188.222134
189.347467
190.410258
191.410258
192.347467
193.222134
194.034753
194.786063
195.477046
196.108921
196.683142
197.201389
197.665562
198.077776
198.440352
198.755805
199.026837
199.256323
199.447307
199.602979
199.726672
199.821845
199.892068
199.941012
199.972429
199.990141
199.998027
200.000000
200.000000
0.019413
0.093228
0.245498
0.483896
0.796765
1.153185
1.506149
1.798501
1.970927
1.970927
1.761576
1.328819
0.686220
-0.123660
-1.031641
-1.947991
-2.771637
-3.401539
-3.748926
-3.748926
-3.370129
-2.620792
-1.550767
-0.248681
1.165533
2.552114
3.765819
4.671611
5.159954
5.159954
4.648790
3.656223
2.263513
0.596679
-1.185334
-2.906417
-4.391376
-5.484393
-6.065890
-6.065890
-5.472396
-4.333758
-2.754691
-0.886270
1.089107
2.976221
4.587074
5.760325
6.378054
6.378054
5.760325
4.587074
2.976221
1.089107
-0.886270
-2.754691
-4.333758
-5.472396
-6.065890
-6.065890
-5.484393
-4.391376
-2.906417
-1.185334
0.596679
2.263513
3.656223
4.648790
5.159954
5.159954
4.671611
3.765819
2.552114
1.165533
-0.248681
-1.550767
-2.620792
-3.370129
-3.748926
-3.748926
-3.401539
-2.771637
-1.947991
-1.031641
-0.123660
0.686220
1.328819
1.761576
1.970927
1.970927
1.798501
1.506149
1.153185
0.796765
0.483896
0.245498
0.093228
0.019413
0.000000
0.000000
-0.019413
-0.093228
-0.245498
-0.483896
-0.796765
-1.153185
-1.506149
-1.798501
-1.970927
-1.970927
-1.761576
-1.328819
-0.686220
0.123660
1.031641
1.947991
2.771637
3.401539
3.748926
3.748926
3.370129
2.620792
1.550767
0.248681
-1.165533
-2.552114
-3.765819
-4.671611
-5.159954
-5.159954
-4.648790
-3.656223
-2.263513
-0.596679
1.185334
2.906417
4.391376
5.484393
6.065890
6.065890
5.472396
4.333758
2.754691
0.886270
-1.089107
-2.976221
-4.587074
-5.760325
-6.378054
-6.378054
-5.760325
-4.587074
-2.976221
-1.089107
0.886270
2.754691
4.333758
5.472396
6.065890
6.065890
5.484393
4.391376
2.906417
1.185334
-0.596679
-2.263513
-3.656223
-4.648790
-5.159954
-5.159954
-4.671611
-3.765819
-2.552114
-1.165533
0.248681
1.550767
2.620792
3.370129
3.748926
3.748926
3.401539
2.771637
1.947991
1.031641
0.123660
-0.686220
-1.328819
-1.761576
-1.970927
-1.970927
-1.798501
-1.506149
-1.153185
-0.796765
-0.483896
-0.245498
-0.093228
-0.019413
-0.000000
-0.000000
0.001973
0.009859
0.027571
0.058988
0.107932
0.178155
0.273328
0.397021
0.552693
0.743677
0.973163
1.244195
1.559648
1.922224
2.334438
2.798611
3.316858
3.891079
4.522954
5.213937
5.965247
6.777866
7.652533
8.589742
9.589742
10.652533
11.777866
12.965247
14.213937
15.522954
16.891079
18.316858
19.798611
21.334438
22.922224
24.559648
26.244195
27.973163
29.743677
31.552693
33.397021
35.273328
37.178155
39.107932
41.058988
43.027571
45.009859
47.001973
49.000000
51.000000
52.998027
54.990141
56.972429
58.941012
60.892068
62.821845
64.726672
66.602979
68.447307
70.256323
72.026837
73.755805
75.440352
77.077776
78.665562
80.201389
81.683142
83.108921
84.477046
85.786063
87.034753
88.222134
89.347467
90.410258
91.410258
92.347467
93.222134
94.034753
94.786063
95.477046
96.108921
96.683142
97.201389
97.665562
98.077776
98.440352
98.755805
99.026837
99.256323
99.447307
99.602979
99.726672
99.821845
99.892068
99.941012
99.972429
99.990141
99.998027
100.000000
100.000000
100.001973
100.009859
100.027571
100.058988
100.107932
100.178155
100.273328
100.397021
100.552693
100.743677
100.973163
101.244195
101.559648
101.922224
102.334438
102.798611
103.316858
103.891079
104.522954
105.213937
105.965247
106.777866
107.652533
108.589742
109.589742
110.652533
111.777866
112.965247
114.213937
115.522954
116.891079
118.316858
119.798611
121.334438
122.922224
124.559648
126.244195
127.973163
129.743677
131.552693
133.397021
135.273328
137.178155
139.107932
141.058988
143.027571
145.009859
147.001973
149.000000
151.000000
152.998027
154.990141
156.972429
158.941012
160.892068
162.821845
164.726672
166.602979
168.447307
170.256323
172.026837
173.755805
175.440352
177.077776
178.665562
180.201389
181.683142
183.108921
184.477046
185.786063
187.034753
188.222134
189.347467
190.410258
191.410258
192.347467
193.222134
194.034753
194.786063
195.477046
196.108921
196.683142
197.201389
197.665562
198.077776
198.440352
198.755805
199.026837
199.256323
199.447307
199.602979
199.726672
199.821845
199.892068
199.941012
199.972429
199.990141
199.998027
200.000000
200.000000
0.001973
0.009859
0.027571
0.058988
0.107932
0.178155
0.273328
0.397021
0.552693
0.743677
0.973163
1.244195
1.559648
1.922224
2.334438
2.798611
3.316858
3.891079
4.522954
5.213937
5.965247
6.777866
7.652533
8.589742
9.589742
10.652533
11.777866
12.965247
14.213937
15.522954
16.891079
18.316858
19.798611
21.334438
22.922224
24.559648
26.244195
27.973163
29.743677
31.552693
33.397021
35.273328
37.178155
39.107932
41.058988
43.027571
45.009859
47.001973
49.000000
51.000000
52.998027
54.990141
56.972429
58.941012
60.892068
62.821845
64.726672
66.602979
68.447307
70.256323
72.026837
73.755805
75.440352
77.077776
78.665562
80.201389
81.683142
83.108921
84.477046
85.786063
87.034753
88.222134
89.347467
90.410258
91.410258
92.347467
93.222134
94.034753
94.786063
95.477046
96.108921
96.683142
97.201389
97.665562
98.077776
98.440352
98.755805
99.026837
99.256323
99.447307
99.602979
99.726672
99.821845
99.892068
99.941012
99.972429
99.990141
99.998027
100.000000
100.000000
100.001973
100.009859
100.027571
100.058988
100.107932
100.178155
100.273328
100.397021
100.552693
100.743677
100.973163
101.244195
101.559648
101.922224
102.334438
102.798611
103.316858
103.891079
104.522954
105.213937
105.965247
106.777866
107.652533
108.589742
109.589742
110.652533
111.777866
112.965247
114.213937
115.522954
116.891079
118.316858
119.798611
121.334438
122.922224
124.559648
126.244195
127.973163
129.743677
131.552693
133.397021
135.273328
137.178155
139.107932
141.058988
143.027571
145.009859
147.001973
149.000000
151.000000
152.998027
154.990141
156.972429
158.941012
160.892068
162.821845
164.726672
166.602979
168.447307
170.256323
172.026837
173.755805
175.440352
177.077776
178.665562
180.201389
181.683142
183.108921
184.477046
185.786063
187.034753
188.222134
189.347467
190.410258
191.410258
192.347467
193.222134
194.034753
194.786063
195.477046
196.108921
196.683142
197.201389
197.665562
198.077776
198.440352
198.755805
199.026837
199.256323
199.447307
199.602979
199.726672
199.821845
199.892068
199.941012
199.972429
199.990141
199.998027
200.000000
200.000000
0.019413
0.093228
0.245498
0.483896
0.796765
1.153185
1.506149
1.798501
1.970927
1.970927
1.761576
1.328819
0.686220
-0.123660
-1.031641
-1.947991
-2.771637
-3.401539
-3.748926
-3.748926
-3.370129
-2.620792
-1.550767
-0.248681
1.165533
2.552114
3.765819
4.671611
5.159954
5.159954
4.648790
3.656223
2.263513
0.596679
-1.185334
-2.906417
-4.391376
-5.484393
-6.065890
-6.065890
-5.472396
-4.333758
-2.754691
-0.886270
1.089107
2.976221
4.587074
5.760325
6.378054
6.378054
5.760325
4.587074
2.976221
1.089107
-0.886270
-2.754691
-4.333758
-5.472396
-6.065890
-6.065890
-5.484393
-4.391376
-2.906417
-1.185334
0.596679
2.263513
3.656223
4.648790
5.159954
5.159954
4.671611
3.765819
2.552114
1.165533
-0.248681
-1.550767
-2.620792
-3.370129
-3.748926
-3.748926
-3.401539
-2.771637
-1.947991
-1.031641
-0.123660
0.686220
1.328819
1.761576
1.970927
1.970927
1.798501
1.506149
1.153185
0.796765
0.483896
0.245498
0.093228
0.019413
-0.000000
-0.000000
-0.019413
-0.093228
-0.245498
-0.483896
-0.796765
-1.153185
-1.506149
-1.798501
-1.970927
-1.970927
-1.761576
-1.328819
-0.686220
0.123660
1.031641
1.947991
2.771637
3.401539
3.748926
3.748926
3.370129
2.620792
1.550767
0.248681
-1.165533
-2.552114
-3.765819
-4.671611
-5.159954
-5.159954
-4.648790
-3.656223
-2.263513
-0.596679
1.185334
2.906417
4.391376
5.484393
6.065890
6.065890
5.472396
4.333758
2.754691
0.886270
-1.089107
-2.976221
-4.587074
-5.760325
-6.378054
-6.378054
-5.760325
-4.587074
-2.976221
-1.089107
0.886270
2.754691
4.333758
5.472396
6.065890
6.065890
5.484393
4.391376
2.906417
1.185334
-0.596679
-2.263513
-3.656223
-4.648790
-5.159954
-5.159954
-4.671611
-3.765819
-2.552114
-1.165533
0.248681
1.550767
2.620792
3.370129
3.748926
3.748926
3.401539
2.771637
1.947991
1.031641
0.123660
-0.686220
-1.328819
-1.761576
-1.970927
-1.970927
-1.798501
-1.506149
-1.153185
-0.796765
-0.483896
-0.245498
-0.093228
-0.019413
-0.000000
-0.000000
0.019413
0.093228
0.245498
0.483896
0.796765
1.153185
1.506149
1.798501
1.970927
1.970927
1.761576
1.328819
0.686220
-0.123660
-1.031641
-1.947991
-2.771637
-3.401539
-3.748926
-3.748926
-3.370129
-2.620792
-1.550767
-0.248681
1.165533
2.552114
3.765819
4.671611
5.159954
5.159954
4.648790
3.656223
2.263513
0.596679
-1.185334
-2.906417
-4.391376
-5.484393
-6.065890
-6.065890
-5.472396
-4.333758
-2.754691
-0.886270
1.089107
2.976221
4.587074
5.760325
6.378054
6.378054
5.760325
4.587074
2.976221
1.089107
-0.886270
-2.754691
-4.333758
-5.472396
-6.065890
-6.065890
-5.484393
-4.391376
-2.906417
-1.185334
0.596679
2.263513
3.656223
4.648790
5.159954
5.159954
4.671611
3.765819
2.552114
1.165533
-0.248681
-1.550767
-2.620792
-3.370129
-3.748926
-3.748926
-3.401539
-2.771637
-1.947991
-1.031641
-0.123660
0.686220
1.328819
1.761576
1.970927
1.970927
1.798501
1.506149
1.153185
0.796765
0.483896
0.245498
0.093228
0.019413
0.000000
0.000000
-0.019413
-0.093228
-0.245498
-0.483896
-0.796765
-1.153185
-1.506149
-1.798501
-1.970927
-1.970927
-1.761576
-1.328819
-0.686220
0.123660
1.031641
1.947991
2.771637
3.401539
3.748926
3.748926
3.370129
2.620792
1.550767
0.248681
-1.165533
-2.552114
-3.765819
-4.671611
-5.159954
-5.159954
-4.648790
-3.656223
-2.263513
-0.596679
1.185334
2.906417
4.391376
5.484393
6.065890
6.065890
5.472396
4.333758
2.754691
0.886270
-1.089107
-2.976221
-4.587074
-5.760325
-6.378054
-6.378054
-5.760325
-4.587074
-2.976221
-1.089107
0.886270
2.754691
4.333758
5.472396
6.065890
6.065890
5.484393
4.391376
2.906417
1.185334
-0.596679
-2.263513
-3.656223
-4.648790
-5.159954
-5.159954
-4.671611
-3.765819
-2.552114
-1.165533
0.248681
1.550767
2.620792
3.370129
3.748926
3.748926
3.401539
2.771637
1.947991
1.031641
0.123660
-0.686220
-1.328819
-1.761576
-1.970927
-1.970927
-1.798501
-1.506149
-1.153185
-0.796765
-0.483896
-0.245498
-0.093228
-0.019413
0.000000
0.000000
0.019413
0.093228
0.245498
0.483896
0.796765
1.153185
1.506149
1.798501
1.970927
1.970927
1.761576
1.328819
0.686220
-0.123660
-1.031641
-1.947991
-2.771637
-3.401539
-3.748926
-3.748926
-3.370129
-2.620792
-1.550767
-0.248681
1.165533
2.552114
3.765819
4.671611
5.159954
5.159954
4.648790
3.656223
2.263513
0.596679
-1.185334
-2.906417
-4.391376
-5.484393
-6.065890
-6.065890
-5.472396
-4.333758
-2.754691
-0.886270
1.089107
2.976221
4.587074
5.760325
6.378054
6.378054
5.760325
4.587074
2.976221
1.089107
-0.886270
-2.754691
-4.333758
-5.472396
-6.065890
-6.065890
-5.484393
-4.391376
-2.906417
-1.185334
0.596679
2.263513
3.656223
4.648790
5.159954
5.159954
4.671611
3.765819
2.552114
1.165533
-0.248681
-1.550767
-2.620792
-3.370129
-3.748926
-3.748926
-3.401539
-2.771637
-1.947991
-1.031641
-0.123660
0.686220
1.328819
1.761576
1.970927
1.970927
1.798501
1.506149
1.153185
0.796765
0.483896
0.245498
0.093228
0.019413
-0.000000
-0.000000
-0.019413
-0.093228
-0.245498
-0.483896
-0.796765
-1.153185
-1.506149
-1.798501
-1.970927
-1.970927
-1.761576
-1.328819
-0.686220
0.123660
1.031641
1.947991
2.771637
3.401539
3.748926
3.748926
3.370129
2.620792
1.550767
0.248681
-1.165533
-2.552114
-3.765819
-4.671611
-5.159954
-5.159954
-4.648790
-3.656223
-2.263513
-0.596679
1.185334
2.906417
4.391376
5.484393
6.065890
6.065890
5.472396
4.333758
2.754691
0.886270
-1.089107
-2.976221
-4.587074
-5.760325
-6.378054
-6.378054
-5.760325
-4.587074
-2.976221
-1.089107
0.886270
2.754691
4.333758
5.472396
6.065890
6.065890
5.484393
4.391376
2.906417
1.185334
-0.596679
-2.263513
-3.656223
-4.648790
-5.159954
-5.159954
-4.671611
-3.765819
-2.552114
-1.165533
0.248681
1.550767
2.620792
3.370129
3.748926
3.748926
3.401539
2.771637
1.947991
1.031641
0.123660
-0.686220
-1.328819
-1.761576
-1.970927
-1.970927
-1.798501
-1.506149
-1.153185
-0.796765
-0.483896
-0.245498
-0.093228
-0.019413
-0.000000
