0.000000
0.190983
0.690983
1.309017
1.809017
2.000000
1.809017
1.309017
0.690983
0.190983
0.000000
0.190983
0.690983
1.309017
1.809017
2.000000
1.809017
1.309017
0.690983
0.190983
0.000000
0.190983
0.690983
1.309017
1.809017
2.000000
1.809017
1.309017
0.690983
0.190983
0.000000
0.190983
0.690983
1.309017
1.809017
2.000000
1.809017
1.309017
0.690983
0.190983
0.000000
0.190983
0.690983
1.309017
1.809017
2.000000
1.809017
1.309017
0.690983
0.190983
0.000000
0.190983
0.690983
1.309017
1.809017
2.000000
1.809017
1.309017
0.690983
0.190983
0.000000
0.190983
0.690983
1.309017
1.809017
2.000000
1.809017
1.309017
0.690983
0.190983
0.000000
0.190983
0.690983
1.309017
1.809017
2.000000
1.809017
1.309017
0.690983
0.190983
0.000000
0.190983
0.690983
1.309017
1.809017
2.000000
1.809017
1.309017
0.690983
0.190983
0.000000
0.190983
0.690983
1.309017
1.809017
2.000000
1.809017
1.309017
0.690983
0.190983
0.000000
0.190983
0.690983
1.309017
1.809017
2.000000
1.809017
1.309017
0.690983
0.190983
0.000000
0.190983
0.690983
1.309017
1.809017
2.000000
1.809017
1.309017
0.690983
0.190983
0.000000
0.190983
0.690983
1.309017
1.809017
2.000000
1.809017
1.309017
0.690983
0.190983
0.000000
0.190983
0.690983
1.309017
1.809017
2.000000
1.809017
1.309017
0.690983
0.190983
0.000000
0.190983
0.690983
1.309017
1.809017
2.000000
1.809017
1.309017
0.690983
0.190983
0.000000
0.190983
0.690983
1.309017
1.809017
2.000000
1.809017
1.309017
0.690983
0.190983
0.000000
0.190983
0.690983
1.309017
1.809017
2.000000
1.809017
1.309017
0.690983
0.190983
0.000000
0.190983
0.690983
1.309017
1.809017
2.000000
1.809017
1.309017
0.690983
0.190983
0.000000
0.190983
0.690983
1.309017
1.809017
2.000000
1.809017
1.309017
0.690983
0.190983
0.000000
0.190983
0.690983
1.309017
1.809017
2.000000
1.809017
1.309017
0.690983
0.190983
0.000000
0.019413
0.073815
0.152270
0.238398
0.312869
0.356420
0.352963
0.292352
0.172426
-0.000000
-0.209352
-0.432756
-0.642599
-0.809880
-0.907981
-0.916350
-0.823646
-0.629902
-0.347387
0.000000
0.378797
0.749337
1.070025
1.302086
1.414214
1.386581
1.213705
0.905793
0.488343
0.000000
-0.511164
-0.992567
-1.392710
-1.666834
-1.782013
-1.721083
-1.484958
-1.093018
-0.581496
-0.000000
0.593494
1.138638
1.579066
1.868421
1.975377
1.887114
1.610853
1.173251
0.617729
-0.000000
-0.617729
-1.173251
-1.610853
-1.887114
-1.975377
-1.868421
-1.579066
-1.138638
-0.593494
0.000000
0.581496
1.093018
1.484958
1.721083
1.782013
1.666834
1.392710
0.992567
0.511164
-0.000000
-0.488343
-0.905793
-1.213705
-1.386581
-1.414214
-1.302086
-1.070025
-0.749337
-0.378797
-0.000000
0.347387
0.629902
0.823646
0.916350
0.907981
0.809880
0.642599
0.432756
0.209352
-0.000000
-0.172426
-0.292352
-0.352963
-0.356420
-0.312869
-0.238398
-0.152270
-0.073815
-0.019413
-0.000000
-0.019413
-0.073815
-0.152270
-0.238398
-0.312869
-0.356420
-0.352963
-0.292352
-0.172426
-0.000000
0.209352
0.432756
0.642599
0.809880
0.907981
0.916350
0.823646
0.629902
0.347387
0.000000
-0.378797
-0.749337
-1.070025
-1.302086
-1.414214
-1.386581
-1.213705
-0.905793
-0.488343
-0.000000
0.511164
0.992567
1.392710
1.666834
1.782013
1.721083
1.484958
1.093018
0.581496
0.000000
-0.593494
-1.138638
-1.579066
-1.868421
-1.975377
-1.887114
-1.610853
-1.173251
-0.617729
-0.000000
0.617729
1.173251
1.610853
1.887114
1.975377
1.868421
1.579066
1.138638
0.593494
0.000000
-0.581496
-1.093018
-1.484958
-1.721083
-1.782013
-1.666834
-1.392710
-0.992567
-0.511164
-0.000000
0.488343
0.905793
1.213705
1.386581
1.414214
1.302086
1.070025
0.749337
0.378797
0.000000
-0.347387
-0.629902
-0.823646
-0.916350
-0.907981
-0.809880
-0.642599
-0.432756
-0.209352
-0.000000
0.172426
0.292352
0.352963
0.356420
0.312869
0.238398
0.152270
0.073815
0.019413
0.000000
0.019413
0.073815
0.152270
0.238398
0.312869
0.356420
0.352963
0.292352
0.172426
0.000000
-0.209352
-0.432756
-0.642599
-0.809880
-0.907981
-0.916350
-0.823646
-0.629902
-0.347387
0.000000
0.378797
0.749337
1.070025
1.302086
1.414214
1.386581
1.213705
0.905793
0.488343
0.000000
-0.511164
-0.992567
-1.392710
-1.666834
-1.782013
-1.721083
-1.484958
-1.093018
-0.581496
0.000000
0.593494
1.138638
1.579066
1.868421
1.975377
1.887114
1.610853
1.173251
0.617729
0.000000
-0.617729
-1.173251
-1.610853
-1.887114
-1.975377
-1.868421
-1.579066
-1.138638
-0.593494
-0.000000
0.581496
1.093018
1.484958
1.721083
1.782013
1.666834
1.392710
0.992567
0.511164
-0.000000
-0.488343
-0.905793
-1.213705
-1.386581
-1.414214
-1.302086
-1.070025
-0.749337
-0.378797
-0.000000
0.347387
0.629902
0.823646
0.916350
0.907981
0.809880
0.642599
0.432756
0.209352
-0.000000
-0.172426
-0.292352
-0.352963
-0.356420
-0.312869
-0.238398
-0.152270
-0.073815
-0.019413
0.000000
-0.019413
-0.073815
-0.152270
-0.238398
-0.312869
-0.356420
-0.352963
-0.292352
-0.172426
-0.000000
0.209352
0.432756
0.642599
0.809880
0.907981
0.916350
0.823646
0.629902
0.347387
-0.000000
-0.378797
-0.749337
-1.070025
-1.302086
-1.414214
-1.386581
-1.213705
-0.905793
-0.488343
-0.000000
0.511164
0.992567
1.392710
1.666834
1.782013
1.721083
1.484958
1.093018
0.581496
-0.000000
-0.593494
-1.138638
-1.579066
-1.868421
-1.975377
-1.887114
-1.610853
-1.173251
-0.617729
0.000000
0.617729
1.173251
1.610853
1.887114
1.975377
1.868421
1.579066
1.138638
0.593494
0.000000
-0.581496
-1.093018
-1.484958
-1.721083
-1.782013
-1.666834
-1.392710
-0.992567
-0.511164
0.000000
0.488343
0.905793
1.213705
1.386581
1.414214
1.302086
1.070025
0.749337
0.378797
-0.000000
-0.347387
-0.629902
-0.823646
-0.916350
-0.907981
-0.809880
-0.642599
-0.432756
-0.209352
0.000000
0.172426
0.292352
0.352963
0.356420
0.312869
0.238398
0.152270
0.073815
0.019413
0.000000
0.019413
0.073815
0.152270
0.238398
0.312869
0.356420
0.352963
0.292352
0.172426
0.000000
-0.209352
-0.432756
-0.642599
-0.809880
-0.907981
-0.916350
-0.823646
-0.629902
-0.347387
-0.000000
0.378797
0.749337
1.070025
1.302086
1.414214
1.386581
1.213705
0.905793
0.488343
0.000000
-0.511164
-0.992567
-1.392710
-1.666834
-1.782013
-1.721083
-1.484958
-1.093018
-0.581496
-0.000000
0.593494
1.138638
1.579066
1.868421
1.975377
1.887114
1.610853
1.173251
0.617729
0.000000
-0.617729
-1.173251
-1.610853
-1.887114
-1.975377
-1.868421
-1.579066
-1.138638
-0.593494
-0.000000
0.581496
1.093018
1.484958
1.721083
1.782013
1.666834
1.392710
0.992567
0.511164
0.000000
-0.488343
-0.905793
-1.213705
-1.386581
-1.414214
-1.302086
-1.070025
-0.749337
-0.378797
-0.000000
0.347387
0.629902
0.823646
0.916350
0.907981
0.809880
0.642599
0.432756
0.209352
0.000000
-0.172426
-0.292352
-0.352963
-0.356420
-0.312869
-0.238398
-0.152270
-0.073815
-0.019413
-0.000000
-0.019413
-0.073815
-0.152270
-0.238398
-0.312869
-0.356420
-0.352963
-0.292352
-0.172426
-0.000000
0.209352
0.432756
0.642599
0.809880
0.907981
0.916350
0.823646
0.629902
0.347387
0.000000
-0.378797
-0.749337
-1.070025
-1.302086
-1.414214
-1.386581
-1.213705
-0.905793
-0.488343
-0.000000
0.511164
0.992567
1.392710
1.666834
1.782013
1.721083
1.484958
1.093018
0.581496
0.000000
-0.593494
-1.138638
-1.579066
-1.868421
-1.975377
-1.887114
-1.610853
-1.173251
-0.617729
-0.000000
0.617729
1.173251
1.610853
1.887114
1.975377
1.868421
1.579066
1.138638
0.593494
0.000000
-0.581496
-1.093018
-1.484958
-1.721083
-1.782013
-1.666834
-1.392710
-0.992567
-0.511164
-0.000000
0.488343
0.905793
1.213705
1.386581
1.414214
1.302086
1.070025
0.749337
0.378797
0.000000
-0.347387
-0.629902
-0.823646
-0.916350
-0.907981
-0.809880
-0.642599
-0.432756
-0.209352
0.000000
0.172426
0.292352
0.352963
0.356420
0.312869
0.238398
0.152270
0.073815
0.019413
0.000000
0.190983
0.690983
1.309017
1.809017
2.000000
1.809017
1.309017
0.690983
0.190983
0.000000
0.190983
0.690983
1.309017
1.809017
2.000000
1.809017
1.309017
0.690983
0.190983
0.000000
0.190983
0.690983
1.309017
1.809017
2.000000
1.809017
1.309017
0.690983
0.190983
0.000000
0.190983
0.690983
1.309017
1.809017
2.000000
1.809017
1.309017
0.690983
0.190983
0.000000
0.190983
0.690983
1.309017
1.809017
2.000000
1.809017
1.309017
0.690983
0.190983
0.000000
0.190983
0.690983
1.309017
1.809017
2.000000
1.809017
1.309017
0.690983
0.190983
0.000000
0.190983
0.690983
1.309017
1.809017
2.000000
1.809017
1.309017
0.690983
0.190983
0.000000
0.190983
0.690983
1.309017
1.809017
2.000000
1.809017
1.309017
0.690983
0.190983
0.000000
0.190983
0.690983
1.309017
1.809017
2.000000
1.809017
1.309017
0.690983
0.190983
0.000000
0.190983
0.690983
1.309017
1.809017
2.000000
1.809017
1.309017
0.690983
0.190983
0.000000
0.190983
0.690983
1.309017
1.809017
2.000000
1.809017
1.309017
0.690983
0.190983
0.000000
0.190983
0.690983
1.309017
1.809017
2.000000
1.809017
1.309017
0.690983
0.190983
0.000000
0.190983
0.690983
1.309017
1.809017
2.000000
1.809017
1.309017
0.690983
0.190983
0.000000
0.190983
0.690983
1.309017
1.809017
2.000000
1.809017
1.309017
0.690983
0.190983
0.000000
0.190983
0.690983
1.309017
1.809017
2.000000
1.809017
1.309017
0.690983
0.190983
0.000000
0.190983
0.690983
1.309017
1.809017
2.000000
1.809017
1.309017
0.690983
0.190983
0.000000
0.190983
0.690983
1.309017
1.809017
2.000000
1.809017
1.309017
0.690983
0.190983
0.000000
0.190983
0.690983
1.309017
1.809017
2.000000
1.809017
1.309017
0.690983
0.190983
0.000000
0.190983
0.690983
1.309017
1.809017
2.000000
1.809017
1.309017
0.690983
0.190983
0.000000
0.190983
0.690983
1.309017
1.809017
2.000000
1.809017
1.309017
0.690983
0.190983
-0.000000
0.019413
0.073815
0.152270
0.238398
0.312869
0.356420
0.352963
0.292352
0.172426
0.000000
-0.209352
-0.432756
-0.642599
-0.809880
-0.907981
-0.916350
-0.823646
-0.629902
-0.347387
-0.000000
0.378797
0.749337
1.070025
1.302086
1.414214
1.386581
1.213705
0.905793
0.488343
-0.000000
-0.511164
-0.992567
-1.392710
-1.666834
-1.782013
-1.721083
-1.484958
-1.093018
-0.581496
0.000000
0.593494
1.138638
1.579066
1.868421
1.975377
1.887114
1.610853
1.173251
0.617729
-0.000000
-0.617729
-1.173251
-1.610853
-1.887114
-1.975377
-1.868421
-1.579066
-1.138638
-0.593494
-0.000000
0.581496
1.093018
1.484958
1.721083
1.782013
1.666834
1.392710
0.992567
0.511164
0.000000
-0.488343
-0.905793
-1.213705
-1.386581
-1.414214
-1.302086
-1.070025
-0.749337
-0.378797
0.000000
0.347387
0.629902
0.823646
0.916350
0.907981
0.809880
0.642599
0.432756
0.209352
-0.000000
-0.172426
-0.292352
-0.352963
-0.356420
-0.312869
-0.238398
-0.152270
-0.073815
-0.019413
0.000000
-0.019413
-0.073815
-0.152270
-0.238398
-0.312869
-0.356420
-0.352963
-0.292352
-0.172426
-0.000000
0.209352
0.432756
0.642599
0.809880
0.907981
0.916350
0.823646
0.629902
0.347387
0.000000
-0.378797
-0.749337
-1.070025
-1.302086
-1.414214
-1.386581
-1.213705
-0.905793
-0.488343
0.000000
0.511164
0.992567
1.392710
1.666834
1.782013
1.721083
1.484958
1.093018
0.581496
-0.000000
-0.593494
-1.138638
-1.579066
-1.868421
-1.975377
-1.887114
-1.610853
-1.173251
-0.617729
0.000000
0.617729
1.173251
1.610853
1.887114
1.975377
1.868421
1.579066
1.138638
0.593494
-0.000000
-0.581496
-1.093018
-1.484958
-1.721083
-1.782013
-1.666834
-1.392710
-0.992567
-0.511164
-0.000000
0.488343
0.905793
1.213705
1.386581
1.414214
1.302086
1.070025
0.749337
0.378797
-0.000000
-0.347387
-0.629902
-0.823646
-0.916350
-0.907981
-0.809880
-0.642599
-0.432756
-0.209352
0.000000
0.172426
0.292352
0.352963
0.356420
0.312869
0.238398
0.152270
0.073815
0.019413
0.000000
0.019413
0.073815
0.152270
0.238398
0.312869
0.356420
0.352963
0.292352
0.172426
0.000000
-0.209352
-0.432756
-0.642599
-0.809880
-0.907981
-0.916350
-0.823646
-0.629902
-0.347387
-0.000000
0.378797
0.749337
1.070025
1.302086
1.414214
1.386581
1.213705
0.905793
0.488343
0.000000
-0.511164
-0.992567
-1.392710
-1.666834
-1.782013
-1.721083
-1.484958
-1.093018
-0.581496
-0.000000
0.593494
1.138638
1.579066
1.868421
1.975377
1.887114
1.610853
1.173251
0.617729
0.000000
-0.617729
-1.173251
-1.610853
-1.887114
-1.975377
-1.868421
-1.579066
-1.138638
-0.593494
-0.000000
0.581496
1.093018
1.484958
1.721083
1.782013
1.666834
1.392710
0.992567
0.511164
0.000000
-0.488343
-0.905793
-1.213705
-1.386581
-1.414214
-1.302086
-1.070025
-0.749337
-0.378797
-0.000000
0.347387
0.629902
0.823646
0.916350
0.907981
0.809880
0.642599
0.432756
0.209352
0.000000
-0.172426
-0.292352
-0.352963
-0.356420
-0.312869
-0.238398
-0.152270
-0.073815
-0.019413
0.000000
-0.019413
-0.073815
-0.152270
-0.238398
-0.312869
-0.356420
-0.352963
-0.292352
-0.172426
-0.000000
0.209352
0.432756
0.642599
0.809880
0.907981
0.916350
0.823646
0.629902
0.347387
0.000000
-0.378797
-0.749337
-1.070025
-1.302086
-1.414214
-1.386581
-1.213705
-0.905793
-0.488343
-0.000000
0.511164
0.992567
1.392710
1.666834
1.782013
1.721083
1.484958
1.093018
0.581496
0.000000
-0.593494
-1.138638
-1.579066
-1.868421
-1.975377
-1.887114
-1.610853
-1.173251
-0.617729
-0.000000
0.617729
1.173251
1.610853
1.887114
1.975377
1.868421
1.579066
1.138638
0.593494
0.000000
-0.581496
-1.093018
-1.484958
-1.721083
-1.782013
-1.666834
-1.392710
-0.992567
-0.511164
-0.000000
0.488343
0.905793
1.213705
1.386581
1.414214
1.302086
1.070025
0.749337
0.378797
0.000000
-0.347387
-0.629902
-0.823646
-0.916350
-0.907981
-0.809880
-0.642599
-0.432756
-0.209352
-0.000000
0.172426
0.292352
0.352963
0.356420
0.312869
0.238398
0.152270
0.073815
0.019413
0.000000
0.190983
0.690983
1.309017
1.809017
2.000000
1.809017
1.309017
0.690983
0.190983
0.000000
0.190983
0.690983
1.309017
1.809017
2.000000
1.809017
1.309017
0.690983
0.190983
0.000000
0.190983
0.690983
1.309017
1.809017
2.000000
1.809017
1.309017
0.690983
0.190983
0.000000
0.190983
0.690983
1.309017
1.809017
2.000000
1.809017
1.309017
0.690983
0.190983
0.000000
0.190983
0.690983
1.309017
1.809017
2.000000
1.809017
1.309017
0.690983
0.190983
0.000000
0.190983
0.690983
1.309017
1.809017
2.000000
1.809017
1.309017
0.690983
0.190983
0.000000
0.190983
0.690983
1.309017
1.809017
2.000000
1.809017
1.309017
0.690983
0.190983
0.000000
0.190983
0.690983
1.309017
1.809017
2.000000
1.809017
1.309017
0.690983
0.190983
0.000000
0.190983
0.690983
1.309017
1.809017
2.000000
1.809017
1.309017
0.690983
0.190983
0.000000
0.190983
0.690983
1.309017
1.809017
2.000000
1.809017
1.309017
0.690983
0.190983
0.000000
0.190983
0.690983
1.309017
1.809017
2.000000
1.809017
1.309017
0.690983
0.190983
0.000000
0.190983
0.690983
1.309017
1.809017
2.000000
1.809017
1.309017
0.690983
0.190983
0.000000
0.190983
0.690983
1.309017
1.809017
2.000000
1.809017
1.309017
0.690983
0.190983
0.000000
0.190983
0.690983
1.309017
1.809017
2.000000
1.809017
1.309017
0.690983
0.190983
0.000000
0.190983
0.690983
1.309017
1.809017
2.000000
1.809017
1.309017
0.690983
0.190983
0.000000
0.190983
0.690983
1.309017
1.809017
2.000000
1.809017
1.309017
0.690983
0.190983
0.000000
0.190983
0.690983
1.309017
1.809017
2.000000
1.809017
1.309017
0.690983
0.190983
0.000000
0.190983
0.690983
1.309017
1.809017
2.000000
1.809017
1.309017
0.690983
0.190983
0.000000
0.190983
0.690983
1.309017
1.809017
2.000000
1.809017
1.309017
0.690983
0.190983
0.000000
0.190983
0.690983
1.309017
1.809017
2.000000
1.809017
1.309017
0.690983
0.190983
0.000000
0.190983
0.690983
1.309017
1.809017
2.000000
1.809017
1.309017
0.690983
0.190983
0.000000
0.190983
0.690983
1.309017
1.809017
2.000000
1.809017
1.309017
0.690983
0.190983
0.000000
0.190983
0.690983
1.309017
1.809017
2.000000
1.809017
1.309017
0.690983
0.190983
0.000000
0.190983
0.690983
1.309017
1.809017
2.000000
1.809017
1.309017
0.690983
0.190983
0.000000
0.190983
0.690983
1.309017
1.809017
2.000000
1.809017
1.309017
0.690983
0.190983
0.000000
0.190983
0.690983
1.309017
1.809017
2.000000
1.809017
1.309017
0.690983
0.190983
0.000000
0.190983
0.690983
1.309017
1.809017
2.000000
1.809017
1.309017
0.690983
0.190983
0.000000
0.190983
0.690983
1.309017
1.809017
2.000000
1.809017
1.309017
0.690983
0.190983
0.000000
0.190983
0.690983
1.309017
1.809017
2.000000
1.809017
1.309017
0.690983
0.190983
0.000000
0.190983
0.690983
1.309017
1.809017
2.000000
1.809017
1.309017
0.690983
0.190983
0.000000
0.190983
0.690983
1.309017
1.809017
2.000000
1.809017
1.309017
0.690983
0.190983
0.000000
0.190983
0.690983
1.309017
1.809017
2.000000
1.809017
1.309017
0.690983
0.190983
0.000000
0.190983
0.690983
1.309017
1.809017
2.000000
1.809017
1.309017
0.690983
0.190983
0.000000
0.190983
0.690983
1.309017
1.809017
2.000000
1.809017
1.309017
0.690983
0.190983
0.000000
0.190983
0.690983
1.309017
1.809017
2.000000
1.809017
1.309017
0.690983
0.190983
0.000000
0.190983
0.690983
1.309017
1.809017
2.000000
1.809017
1.309017
0.690983
0.190983
0.000000
0.190983
0.690983
1.309017
1.809017
2.000000
1.809017
1.309017
0.690983
0.190983
0.000000
0.190983
0.690983
1.309017
1.809017
2.000000
1.809017
1.309017
0.690983
0.190983
0.000000
0.190983
0.690983
1.309017
1.809017
2.000000
1.809017
1.309017
0.690983
0.190983
0.000000
0.190983
0.690983
1.309017
1.809017
2.000000
1.809017
1.309017
0.690983
0.190983
0.000000
0.190983
0.690983
1.309017
1.809017
2.000000
1.809017
1.309017
0.690983
0.190983
0.000000
0.190983
0.690983
1.309017
1.809017
2.000000
1.809017
1.309017
0.690983
0.190983
0.000000
0.190983
0.690983
1.309017
1.809017
2.000000
1.809017
1.309017
0.690983
0.190983
0.000000
0.190983
0.690983
1.309017
1.809017
2.000000
1.809017
1.309017
0.690983
0.190983
0.000000
0.190983
0.690983
1.309017
1.809017
2.000000
1.809017
1.309017
0.690983
0.190983
0.000000
0.190983
0.690983
1.309017
1.809017
2.000000
1.809017
1.309017
0.690983
0.190983
0.000000
0.190983
0.690983
1.309017
1.809017
2.000000
1.809017
1.309017
0.690983
0.190983
0.000000
0.190983
0.690983
1.309017
1.809017
2.000000
1.809017
1.309017
0.690983
0.190983
0.000000
0.190983
0.690983
1.309017
1.809017
2.000000
1.809017
1.309017
0.690983
0.190983
0.000000
0.190983
0.690983
1.309017
1.809017
2.000000
1.809017
1.309017
0.690983
0.190983
0.000000
0.190983
0.690983
1.309017
1.809017
2.000000
1.809017
1.309017
0.690983
0.190983
0.000000
0.190983
0.690983
1.309017
1.809017
2.000000
1.809017
1.309017
0.690983
0.190983
0.000000
0.190983
0.690983
1.309017
1.809017
2.000000
1.809017
1.309017
0.690983
0.190983
0.000000
0.190983
0.690983
1.309017
1.809017
2.000000
1.809017
1.309017
0.690983
0.190983
0.000000
0.190983
0.690983
1.309017
1.809017
2.000000
1.809017
1.309017
0.690983
0.190983
0.000000
0.190983
0.690983
1.309017
1.809017
2.000000
1.809017
1.309017
0.690983
0.190983
0.000000
0.190983
0.690983
1.309017
1.809017
2.000000
1.809017
1.309017
0.690983
0.190983
0.000000
0.190983
0.690983
1.309017
1.809017
2.000000
1.809017
1.309017
0.690983
0.190983
0.000000
0.190983
0.690983
1.309017
1.809017
2.000000
1.809017
1.309017
0.690983
0.190983
0.000000
0.190983
0.690983
1.309017
1.809017
2.000000
1.809017
1.309017
0.690983
0.190983
