0.000000
0.019413
0.073815
0.152270
0.238398
0.312869
0.356420
0.352963
0.292352
0.172426
0.000000
-0.209352
-0.432756
-0.642599
-0.809880
-0.907981
-0.916350
-0.823646
-0.629902
-0.347387
-0.000000
0.378797
0.749337
1.070025
1.302086
1.414214
1.386581
1.213705
0.905793
0.488343
0.000000
-0.511164
-0.992567
-1.392710
-1.666834
-1.782013
-1.721083
-1.484958
-1.093018
-0.581496
-0.000000
0.593494
1.138638
1.579066
1.868421
1.975377
1.887114
1.610853
1.173251
0.617729
0.000000
-0.617729
-1.173251
-1.610853
-1.887114
-1.975377
-1.868421
-1.579066
-1.138638
-0.593494
-0.000000
0.581496
1.093018
1.484958
1.721083
1.782013
1.666834
1.392710
0.992567
0.511164
0.000000
-0.488343
-0.905793
-1.213705
-1.386581
-1.414214
-1.302086
-1.070025
-0.749337
-0.378797
-0.000000
0.347387
0.629902
0.823646
0.916350
0.907981
0.809880
0.642599
0.432756
0.209352
0.000000
-0.172426
-0.292352
-0.352963
-0.356420
-0.312869
-0.238398
-0.152270
-0.073815
-0.019413
-0.000000
-0.019413
-0.073815
-0.152270
-0.238398
-0.312869
-0.356420
-0.352963
-0.292352
-0.172426
0.000000
0.209352
0.432756
0.642599
0.809880
0.907981
0.916350
0.823646
0.629902
0.347387
0.000000
-0.378797
-0.749337
-1.070025
-1.302086
-1.414214
-1.386581
-1.213705
-0.905793
-0.488343
0.000000
0.511164
0.992567
1.392710
1.666834
1.782013
1.721083
1.484958
1.093018
0.581496
0.000000
-0.593494
-1.138638
-1.579066
-1.868421
-1.975377
-1.887114
-1.610853
-1.173251
-0.617729
-0.000000
0.617729
1.173251
1.610853
1.887114
1.975377
1.868421
1.579066
1.138638
0.593494
0.000000
-0.581496
-1.093018
-1.484958
-1.721083
-1.782013
-1.666834
-1.392710
-0.992567
-0.511164
-0.000000
0.488343
0.905793
1.213705
1.386581
1.414214
1.302086
1.070025
0.749337
0.378797
0.000000
-0.347387
-0.629902
-0.823646
-0.916350
-0.907981
-0.809880
-0.642599
-0.432756
-0.209352
-0.000000
0.172426
0.292352
0.352963
0.356420
0.312869
0.238398
0.152270
0.073815
0.019413
0.000000
0.001973
0.007885
0.017713
0.031417
0.048943
0.070224
0.095173
0.123693
0.155672
0.190983
0.229487
0.271031
0.315453
0.362576
0.412215
0.464173
0.518246
0.574221
0.631875
0.690983
0.751310
0.812619
0.874667
0.937209
1.000000
1.062791
1.125333
1.187381
1.248690
1.309017
1.368125
1.425779
1.481754
1.535827
1.587785
1.637424
1.684547
1.728969
1.770513
1.809017
1.844328
1.876307
1.904827
1.929776
1.951057
1.968583
1.982287
1.992115
1.998027
2.000000
1.998027
1.992115
1.982287
1.968583
1.951057
1.929776
1.904827
1.876307
1.844328
1.809017
1.770513
1.728969
1.684547
1.637424
1.587785
1.535827
1.481754
1.425779
1.368125
1.309017
1.248690
1.187381
1.125333
1.062791
1.000000
0.937209
0.874667
0.812619
0.751310
0.690983
0.631875
0.574221
0.518246
0.464173
0.412215
0.362576
0.315453
0.271031
0.229487
0.190983
0.155672
0.123693
0.095173
0.070224
0.048943
0.031417
0.017713
0.007885
0.001973
0.000000
0.001973
0.007885
0.017713
0.031417
0.048943
0.070224
0.095173
0.123693
0.155672
0.190983
0.229487
0.271031
0.315453
0.362576
0.412215
0.464173
0.518246
0.574221
0.631875
0.690983
0.751310
0.812619
0.874667
0.937209
1.000000
1.062791
1.125333
1.187381
1.248690
1.309017
1.368125
1.425779
1.481754
1.535827
1.587785
1.637424
1.684547
1.728969
1.770513
1.809017
1.844328
1.876307
1.904827
1.929776
1.951057
1.968583
1.982287
1.992115
1.998027
2.000000
1.998027
1.992115
1.982287
1.968583
1.951057
1.929776
1.904827
1.876307
1.844328
1.809017
1.770513
1.728969
1.684547
1.637424
1.587785
1.535827
1.481754
1.425779
1.368125
1.309017
1.248690
1.187381
1.125333
1.062791
1.000000
0.937209
0.874667
0.812619
0.751310
0.690983
0.631875
0.574221
0.518246
0.464173
0.412215
0.362576
0.315453
0.271031
0.229487
0.190983
0.155672
0.123693
0.095173
0.070224
0.048943
0.031417
0.017713
0.007885
0.001973
0.000000
0.001973
0.007885
0.017713
0.031417
0.048943
0.070224
0.095173
0.123693
0.155672
0.190983
0.229487
0.271031
0.315453
0.362576
0.412215
0.464173
0.518246
0.574221
0.631875
0.690983
0.751310
0.812619
0.874667
0.937209
1.000000
1.062791
1.125333
1.187381
1.248690
1.309017
1.368125
1.425779
1.481754
1.535827
1.587785
1.637424
1.684547
1.728969
1.770513
1.809017
1.844328
1.876307
1.904827
1.929776
1.951057
1.968583
1.982287
1.992115
1.998027
2.000000
1.998027
1.992115
1.982287
1.968583
1.951057
1.929776
1.904827
1.876307
1.844328
1.809017
1.770513
1.728969
1.684547
1.637424
1.587785
1.535827
1.481754
1.425779
1.368125
1.309017
1.248690
1.187381
1.125333
1.062791
1.000000
0.937209
0.874667
0.812619
0.751310
0.690983
0.631875
0.574221
0.518246
0.464173
0.412215
0.362576
0.315453
0.271031
0.229487
0.190983
0.155672
0.123693
0.095173
0.070224
0.048943
0.031417
0.017713
0.007885
0.001973
0.000000
0.001973
0.007885
0.017713
0.031417
0.048943
0.070224
0.095173
0.123693
0.155672
0.190983
0.229487
0.271031
0.315453
0.362576
0.412215
0.464173
0.518246
0.574221
0.631875
0.690983
0.751310
0.812619
0.874667
0.937209
1.000000
1.062791
1.125333
1.187381
1.248690
1.309017
1.368125
1.425779
1.481754
1.535827
1.587785
1.637424
1.684547
1.728969
1.770513
1.809017
1.844328
1.876307
1.904827
1.929776
1.951057
1.968583
1.982287
1.992115
1.998027
2.000000
1.998027
1.992115
1.982287
1.968583
1.951057
1.929776
1.904827
1.876307
1.844328
1.809017
1.770513
1.728969
1.684547
1.637424
1.587785
1.535827
1.481754
1.425779
1.368125
1.309017
1.248690
1.187381
1.125333
1.062791
1.000000
0.937209
0.874667
0.812619
0.751310
0.690983
0.631875
0.574221
0.518246
0.464173
0.412215
0.362576
0.315453
0.271031
0.229487
0.190983
0.155672
0.123693
0.095173
0.070224
0.048943
0.031417
0.017713
0.007885
0.001973
0.000000
0.001973
0.007885
0.017713
0.031417
0.048943
0.070224
0.095173
0.123693
0.155672
0.190983
0.229487
0.271031
0.315453
0.362576
0.412215
0.464173
0.518246
0.574221
0.631875
0.690983
0.751310
0.812619
0.874667
0.937209
1.000000
1.062791
1.125333
1.187381
1.248690
1.309017
1.368125
1.425779
1.481754
1.535827
1.587785
1.637424
1.684547
1.728969
1.770513
1.809017
1.844328
1.876307
1.904827
1.929776
1.951057
1.968583
1.982287
1.992115
1.998027
2.000000
1.998027
1.992115
1.982287
1.968583
1.951057
1.929776
1.904827
1.876307
1.844328
1.809017
1.770513
1.728969
1.684547
1.637424
1.587785
1.535827
1.481754
1.425779
1.368125
1.309017
1.248690
1.187381
1.125333
1.062791
1.000000
0.937209
0.874667
0.812619
0.751310
0.690983
0.631875
0.574221
0.518246
0.464173
0.412215
0.362576
0.315453
0.271031
0.229487
0.190983
0.155672
0.123693
0.095173
0.070224
0.048943
0.031417
0.017713
0.007885
0.001973
0.000000
0.001973
0.007885
0.017713
0.031417
0.048943
0.070224
0.095173
0.123693
0.155672
0.190983
0.229487
0.271031
0.315453
0.362576
0.412215
0.464173
0.518246
0.574221
0.631875
0.690983
0.751310
0.812619
0.874667
0.937209
1.000000
1.062791
1.125333
1.187381
1.248690
1.309017
1.368125
1.425779
1.481754
1.535827
1.587785
1.637424
1.684547
1.728969
1.770513
1.809017
1.844328
1.876307
1.904827
1.929776
1.951057
1.968583
1.982287
1.992115
1.998027
2.000000
1.998027
1.992115
1.982287
1.968583
1.951057
1.929776
1.904827
1.876307
1.844328
1.809017
1.770513
1.728969
1.684547
1.637424
1.587785
1.535827
1.481754
1.425779
1.368125
1.309017
1.248690
1.187381
1.125333
1.062791
1.000000
0.937209
0.874667
0.812619
0.751310
0.690983
0.631875
0.574221
0.518246
0.464173
0.412215
0.362576
0.315453
0.271031
0.229487
0.190983
0.155672
0.123693
0.095173
0.070224
0.048943
0.031417
0.017713
0.007885
0.001973
0.000000
0.019413
0.073815
0.152270
0.238398
0.312869
0.356420
0.352963
0.292352
0.172426
0.000000
-0.209352
-0.432756
-0.642599
-0.809880
-0.907981
-0.916350
-0.823646
-0.629902
-0.347387
-0.000000
0.378797
0.749337
1.070025
1.302086
1.414214
1.386581
1.213705
0.905793
0.488343
-0.000000
-0.511164
-0.992567
-1.392710
-1.666834
-1.782013
-1.721083
-1.484958
-1.093018
-0.581496
0.000000
0.593494
1.138638
1.579066
1.868421
1.975377
1.887114
1.610853
1.173251
0.617729
0.000000
-0.617729
-1.173251
-1.610853
-1.887114
-1.975377
-1.868421
-1.579066
-1.138638
-0.593494
-0.000000
0.581496
1.093018
1.484958
1.721083
1.782013
1.666834
1.392710
0.992567
0.511164
0.000000
-0.488343
-0.905793
-1.213705
-1.386581
-1.414214
-1.302086
-1.070025
-0.749337
-0.378797
0.000000
0.347387
0.629902
0.823646
0.916350
0.907981
0.809880
0.642599
0.432756
0.209352
-0.000000
-0.172426
-0.292352
-0.352963
-0.356420
-0.312869
-0.238398
-0.152270
-0.073815
-0.019413
-0.000000
-0.019413
-0.073815
-0.152270
-0.238398
-0.312869
-0.356420
-0.352963
-0.292352
-0.172426
-0.000000
0.209352
0.432756
0.642599
0.809880
0.907981
0.916350
0.823646
0.629902
0.347387
0.000000
-0.378797
-0.749337
-1.070025
-1.302086
-1.414214
-1.386581
-1.213705
-0.905793
-0.488343
0.000000
0.511164
0.992567
1.392710
1.666834
1.782013
1.721083
1.484958
1.093018
0.581496
-0.000000
-0.593494
-1.138638
-1.579066
-1.868421
-1.975377
-1.887114
-1.610853
-1.173251
-0.617729
-0.000000
0.617729
1.173251
1.610853
1.887114
1.975377
1.868421
1.579066
1.138638
0.593494
0.000000
-0.581496
-1.093018
-1.484958
-1.721083
-1.782013
-1.666834
-1.392710
-0.992567
-0.511164
-0.000000
0.488343
0.905793
1.213705
1.386581
1.414214
1.302086
1.070025
0.749337
0.378797
-0.000000
-0.347387
-0.629902
-0.823646
-0.916350
-0.907981
-0.809880
-0.642599
-0.432756
-0.209352
0.000000
0.172426
0.292352
0.352963
0.356420
0.312869
0.238398
0.152270
0.073815
0.019413
0.000000
0.001973
0.007885
0.017713
0.031417
0.048943
0.070224
0.095173
0.123693
0.155672
0.190983
0.229487
0.271031
0.315453
0.362576
0.412215
0.464173
0.518246
0.574221
0.631875
0.690983
0.751310
0.812619
0.874667
0.937209
1.000000
1.062791
1.125333
1.187381
1.248690
1.309017
1.368125
1.425779
1.481754
1.535827
1.587785
1.637424
1.684547
1.728969
1.770513
1.809017
1.844328
1.876307
1.904827
1.929776
1.951057
1.968583
1.982287
1.992115
1.998027
2.000000
1.998027
1.992115
1.982287
1.968583
1.951057
1.929776
1.904827
1.876307
1.844328
1.809017
1.770513
1.728969
1.684547
1.637424
1.587785
1.535827
1.481754
1.425779
1.368125
1.309017
1.248690
1.187381
1.125333
1.062791
1.000000
0.937209
0.874667
0.812619
0.751310
0.690983
0.631875
0.574221
0.518246
0.464173
0.412215
0.362576
0.315453
0.271031
0.229487
0.190983
0.155672
0.123693
0.095173
0.070224
0.048943
0.031417
0.017713
0.007885
0.001973
0.000000
0.001973
0.007885
0.017713
0.031417
0.048943
0.070224
0.095173
0.123693
0.155672
0.190983
0.229487
0.271031
0.315453
0.362576
0.412215
0.464173
0.518246
0.574221
0.631875
0.690983
0.751310
0.812619
0.874667
0.937209
1.000000
1.062791
1.125333
1.187381
1.248690
1.309017
1.368125
1.425779
1.481754
1.535827
1.587785
1.637424
1.684547
1.728969
1.770513
1.809017
1.844328
1.876307
1.904827
1.929776
1.951057
1.968583
1.982287
1.992115
1.998027
2.000000
1.998027
1.992115
1.982287
1.968583
1.951057
1.929776
1.904827
1.876307
1.844328
1.809017
1.770513
1.728969
1.684547
1.637424
1.587785
1.535827
1.481754
1.425779
1.368125
1.309017
1.248690
1.187381
1.125333
1.062791
1.000000
0.937209
0.874667
0.812619
0.751310
0.690983
0.631875
0.574221
0.518246
0.464173
0.412215
0.362576
0.315453
0.271031
0.229487
0.190983
0.155672
0.123693
0.095173
0.070224
0.048943
0.031417
0.017713
0.007885
0.001973
0.000000
0.001973
0.007885
0.017713
0.031417
0.048943
0.070224
0.095173
0.123693
0.155672
0.190983
0.229487
0.271031
0.315453
0.362576
0.412215
0.464173
0.518246
0.574221
0.631875
0.690983
0.751310
0.812619
0.874667
0.937209
1.000000
1.062791
1.125333
1.187381
1.248690
1.309017
1.368125
1.425779
1.481754
1.535827
1.587785
1.637424
1.684547
1.728969
1.770513
1.809017
1.844328
1.876307
1.904827
1.929776
1.951057
1.968583
1.982287
1.992115
1.998027
2.000000
1.998027
1.992115
1.982287
1.968583
1.951057
1.929776
1.904827
1.876307
1.844328
1.809017
1.770513
1.728969
1.684547
1.637424
1.587785
1.535827
1.481754
1.425779
1.368125
1.309017
1.248690
1.187381
1.125333
1.062791
1.000000
0.937209
0.874667
0.812619
0.751310
0.690983
0.631875
0.574221
0.518246
0.464173
0.412215
0.362576
0.315453
0.271031
0.229487
0.190983
0.155672
0.123693
0.095173
0.070224
0.048943
0.031417
0.017713
0.007885
0.001973
0.000000
0.001973
0.007885
0.017713
0.031417
0.048943
0.070224
0.095173
0.123693
0.155672
0.190983
0.229487
0.271031
0.315453
0.362576
0.412215
0.464173
0.518246
0.574221
0.631875
0.690983
0.751310
0.812619
0.874667
0.937209
1.000000
1.062791
1.125333
1.187381
1.248690
1.309017
1.368125
1.425779
1.481754
1.535827
1.587785
1.637424
1.684547
1.728969
1.770513
1.809017
1.844328
1.876307
1.904827
1.929776
1.951057
1.968583
1.982287
1.992115
1.998027
2.000000
1.998027
1.992115
1.982287
1.968583
1.951057
1.929776
1.904827
1.876307
1.844328
1.809017
1.770513
1.728969
1.684547
1.637424
1.587785
1.535827
1.481754
1.425779
1.368125
1.309017
1.248690
1.187381
1.125333
1.062791
1.000000
0.937209
0.874667
0.812619
0.751310
0.690983
0.631875
0.574221
0.518246
0.464173
0.412215
0.362576
0.315453
0.271031
0.229487
0.190983
0.155672
0.123693
0.095173
0.070224
0.048943
0.031417
0.017713
0.007885
0.001973
0.000000
0.019413
0.073815
0.152270
0.238398
0.312869
0.356420
0.352963
0.292352
0.172426
0.000000
-0.209352
-0.432756
-0.642599
-0.809880
-0.907981
-0.916350
-0.823646
-0.629902
-0.347387
-0.000000
0.378797
0.749337
1.070025
1.302086
1.414214
1.386581
1.213705
0.905793
0.488343
0.000000
-0.511164
-0.992567
-1.392710
-1.666834
-1.782013
-1.721083
-1.484958
-1.093018
-0.581496
-0.000000
0.593494
1.138638
1.579066
1.868421
1.975377
1.887114
1.610853
1.173251
0.617729
0.000000
-0.617729
-1.173251
-1.610853
-1.887114
-1.975377
-1.868421
-1.579066
-1.138638
-0.593494
-0.000000
0.581496
1.093018
1.484958
1.721083
1.782013
1.666834
1.392710
0.992567
0.511164
0.000000
-0.488343
-0.905793
-1.213705
-1.386581
-1.414214
-1.302086
-1.070025
-0.749337
-0.378797
-0.000000
0.347387
0.629902
0.823646
0.916350
0.907981
0.809880
0.642599
0.432756
0.209352
0.000000
-0.172426
-0.292352
-0.352963
-0.356420
-0.312869
-0.238398
-0.152270
-0.073815
-0.019413
-0.000000
-0.019413
-0.073815
-0.152270
-0.238398
-0.312869
-0.356420
-0.352963
-0.292352
-0.172426
-0.000000
0.209352
0.432756
0.642599
0.809880
0.907981
0.916350
0.823646
0.629902
0.347387
0.000000
-0.378797
-0.749337
-1.070025
-1.302086
-1.414214
-1.386581
-1.213705
-0.905793
-0.488343
-0.000000
0.511164
0.992567
1.392710
1.666834
1.782013
1.721083
1.484958
1.093018
0.581496
0.000000
-0.593494
-1.138638
-1.579066
-1.868421
-1.975377
-1.887114
-1.610853
-1.173251
-0.617729
-0.000000
0.617729
1.173251
1.610853
1.887114
1.975377
1.868421
1.579066
1.138638
0.593494
0.000000
-0.581496
-1.093018
-1.484958
-1.721083
-1.782013
-1.666834
-1.392710
-0.992567
-0.511164
-0.000000
0.488343
0.905793
1.213705
1.386581
1.414214
1.302086
1.070025
0.749337
0.378797
-0.000000
-0.347387
-0.629902
-0.823646
-0.916350
-0.907981
-0.809880
-0.642599
-0.432756
-0.209352
-0.000000
0.172426
0.292352
0.352963
0.356420
0.312869
0.238398
0.152270
0.073815
0.019413
0.000000
0.019413
0.073815
0.152270
0.238398
0.312869
0.356420
0.352963
0.292352
0.172426
-0.000000
-0.209352
-0.432756
-0.642599
-0.809880
-0.907981
-0.916350
-0.823646
-0.629902
-0.347387
-0.000000
0.378797
0.749337
1.070025
1.302086
1.414214
1.386581
1.213705
0.905793
0.488343
0.000000
-0.511164
-0.992567
-1.392710
-1.666834
-1.782013
-1.721083
-1.484958
-1.093018
-0.581496
-0.000000
0.593494
1.138638
1.579066
1.868421
1.975377
1.887114
1.610853
1.173251
0.617729
0.000000
-0.617729
-1.173251
-1.610853
-1.887114
-1.975377
-1.868421
-1.579066
-1.138638
-0.593494
0.000000
0.581496
1.093018
1.484958
1.721083
1.782013
1.666834
1.392710
0.992567
0.511164
0.000000
-0.488343
-0.905793
-1.213705
-1.386581
-1.414214
-1.302086
-1.070025
-0.749337
-0.378797
0.000000
0.347387
0.629902
0.823646
0.916350
0.907981
0.809880
0.642599
0.432756
0.209352
0.000000
-0.172426
-0.292352
-0.352963
-0.356420
-0.312869
-0.238398
-0.152270
-0.073815
-0.019413
0.000000
-0.019413
-0.073815
-0.152270
-0.238398
-0.312869
-0.356420
-0.352963
-0.292352
-0.172426
-0.000000
0.209352
0.432756
0.642599
0.809880
0.907981
0.916350
0.823646
0.629902
0.347387
0.000000
-0.378797
-0.749337
-1.070025
-1.302086
-1.414214
-1.386581
-1.213705
-0.905793
-0.488343
-0.000000
0.511164
0.992567
1.392710
1.666834
1.782013
1.721083
1.484958
1.093018
0.581496
0.000000
-0.593494
-1.138638
-1.579066
-1.868421
-1.975377
-1.887114
-1.610853
-1.173251
-0.617729
-0.000000
0.617729
1.173251
1.610853
1.887114
1.975377
1.868421
1.579066
1.138638
0.593494
-0.000000
-0.581496
-1.093018
-1.484958
-1.721083
-1.782013
-1.666834
-1.392710
-0.992567
-0.511164
-0.000000
0.488343
0.905793
1.213705
1.386581
1.414214
1.302086
1.070025
0.749337
0.378797
-0.000000
-0.347387
-0.629902
-0.823646
-0.916350
-0.907981
-0.809880
-0.642599
-0.432756
-0.209352
-0.000000
0.172426
0.292352
0.352963
0.356420
0.312869
0.238398
0.152270
0.073815
0.019413
0.000000
0.019413
0.073815
0.152270
0.238398
0.312869
0.356420
0.352963
0.292352
0.172426
0.000000
-0.209352
-0.432756
-0.642599
-0.809880
-0.907981
-0.916350
-0.823646
-0.629902
-0.347387
-0.000000
0.378797
0.749337
1.070025
1.302086
1.414214
1.386581
1.213705
0.905793
0.488343
0.000000
-0.511164
-0.992567
-1.392710
-1.666834
-1.782013
-1.721083
-1.484958
-1.093018
-0.581496
-0.000000
0.593494
1.138638
1.579066
1.868421
1.975377
1.887114
1.610853
1.173251
0.617729
0.000000
-0.617729
-1.173251
-1.610853
-1.887114
-1.975377
-1.868421
-1.579066
-1.138638
-0.593494
0.000000
0.581496
1.093018
1.484958
1.721083
1.782013
1.666834
1.392710
0.992567
0.511164
0.000000
-0.488343
-0.905793
-1.213705
-1.386581
-1.414214
-1.302086
-1.070025
-0.749337
-0.378797
0.000000
0.347387
0.629902
0.823646
0.916350
0.907981
0.809880
0.642599
0.432756
0.209352
0.000000
-0.172426
-0.292352
-0.352963
-0.356420
-0.312869
-0.238398
-0.152270
-0.073815
-0.019413
-0.000000
-0.019413
-0.073815
-0.152270
-0.238398
-0.312869
-0.356420
-0.352963
-0.292352
-0.172426
-0.000000
0.209352
0.432756
0.642599
0.809880
0.907981
0.916350
0.823646
0.629902
0.347387
0.000000
-0.378797
-0.749337
-1.070025
-1.302086
-1.414214
-1.386581
-1.213705
-0.905793
-0.488343
-0.000000
0.511164
0.992567
1.392710
1.666834
1.782013
1.721083
1.484958
1.093018
0.581496
0.000000
-0.593494
-1.138638
-1.579066
-1.868421
-1.975377
-1.887114
-1.610853
-1.173251
-0.617729
-0.000000
0.617729
1.173251
1.610853
1.887114
1.975377
1.868421
1.579066
1.138638
0.593494
-0.000000
-0.581496
-1.093018
-1.484958
-1.721083
-1.782013
-1.666834
-1.392710
-0.992567
-0.511164
-0.000000
0.488343
0.905793
1.213705
1.386581
1.414214
1.302086
1.070025
0.749337
0.378797
-0.000000
-0.347387
-0.629902
-0.823646
-0.916350
-0.907981
-0.809880
-0.642599
-0.432756
-0.209352
-0.000000
0.172426
0.292352
0.352963
0.356420
0.312869
0.238398
0.152270
0.073815
0.019413
