0.000000
-0.007885
-0.039302
-0.109526
-0.233219
-0.424202
-0.695233
-1.057809
-1.521983
-2.096203
-2.787186
-3.599805
-4.537014
-5.599805
-6.787186
-8.096203
-9.521983
-11.057809
-12.695233
-14.424202
-16.233219
-18.109526
-20.039302
-22.007885
-24.000000
-26.000000
-27.992115
-29.960698
-31.890474
-33.766781
-35.575798
-37.304767
-38.942191
-40.478017
-41.903797
-43.212814
-44.400195
-45.462986
-46.400195
-47.212814
-47.903797
-48.478017
-48.942191
-49.304767
-49.575798
-49.766781
-49.890474
-49.960698
-49.992115
-50.000000
-50.000000
-50.007885
-50.039302
-50.109526
-50.233219
-50.424202
-50.695233
-51.057809
-51.521983
-52.096203
-52.787186
-53.599805
-54.537014
-55.599805
-56.787186
-58.096203
-59.521983
-61.057809
-62.695233
-64.424202
-66.233219
-68.109526
-70.039302
-72.007885
-74.000000
-76.000000
-77.992115
-79.960698
-81.890474
-83.766781
-85.575798
-87.304767
-88.942191
-90.478017
-91.903797
-93.212814
-94.400195
-95.462986
-96.400195
-97.212814
-97.903797
-98.478017
-98.942191
-99.304767
-99.575798
-99.766781
-99.890474
-99.960698
-99.992115
-100.000000
-100.000000
-100.007885
-100.039302
-100.109526
-100.233219
-100.424202
-100.695233
-101.057809
-101.521983
-102.096203
-102.787186
-103.599805
-104.537014
-105.599805
-106.787186
-108.096203
-109.521983
-111.057809
-112.695233
-114.424202
-116.233219
-118.109526
-120.039302
-122.007885
-124.000000
-126.000000
-127.992115
-129.960698
-131.890474
-133.766781
-135.575798
-137.304767
-138.942191
-140.478017
-141.903797
-143.212814
-144.400195
-145.462986
-146.400195
-147.212814
-147.903797
-148.478017
-148.942191
-149.304767
-149.575798
-149.766781
-149.890474
-149.960698
-149.992115
-150.000000
-150.000000
-150.007885
-150.039302
-150.109526
-150.233219
-150.424202
-150.695233
-151.057809
-151.521983
-152.096203
-152.787186
-153.599805
-154.537014
-155.599805
-156.787186
-158.096203
-159.521983
-161.057809
-162.695233
-164.424202
-166.233219
-168.109526
-170.039302
-172.007885
-174.000000
-176.000000
-177.992115
-179.960698
-181.890474
-183.766781
-185.575798
-187.304767
-188.942191
-190.478017
-191.903797
-193.212814
-194.400195
-195.462986
-196.400195
-197.212814
-197.903797
-198.478017
-198.942191
-199.304767
-199.575798
-199.766781
-199.890474
-199.960698
-199.992115
-200.000000
-200.000000
0.007885
0.039302
0.109526
0.233219
0.424202
0.695233
1.057809
1.521983
2.096203
2.787186
3.599805
4.537014
5.599805
6.787186
8.096203
9.521983
11.057809
12.695233
14.424202
16.233219
18.109526
20.039302
22.007885
24.000000
26.000000
27.992115
29.960698
31.890474
33.766781
35.575798
37.304767
38.942191
40.478017
41.903797
43.212814
44.400195
45.462986
46.400195
47.212814
47.903797
48.478017
48.942191
49.304767
49.575798
49.766781
49.890474
49.960698
49.992115
50.000000
50.000000
50.007885
50.039302
50.109526
50.233219
50.424202
50.695233
51.057809
51.521983
52.096203
52.787186
53.599805
54.537014
55.599805
56.787186
58.096203
59.521983
61.057809
62.695233
64.424202
66.233219
68.109526
70.039302
72.007885
74.000000
76.000000
77.992115
79.960698
81.890474
83.766781
85.575798
87.304767
88.942191
90.478017
91.903797
93.212814
94.400195
95.462986
96.400195
97.212814
97.903797
98.478017
98.942191
99.304767
99.575798
99.766781
99.890474
99.960698
99.992115
100.000000
100.000000
100.007885
100.039302
100.109526
100.233219
100.424202
100.695233
101.057809
101.521983
102.096203
102.787186
103.599805
104.537014
105.599805
106.787186
108.096203
109.521983
111.057809
112.695233
114.424202
116.233219
118.109526
120.039302
122.007885
124.000000
126.000000
127.992115
129.960698
131.890474
133.766781
135.575798
137.304767
138.942191
140.478017
141.903797
143.212814
144.400195
145.462986
146.400195
147.212814
147.903797
148.478017
148.942191
149.304767
149.575798
149.766781
149.890474
149.960698
149.992115
150.000000
150.000000
150.007885
150.039302
150.109526
150.233219
150.424202
150.695233
151.057809
151.521983
152.096203
152.787186
153.599805
154.537014
155.599805
156.787186
158.096203
159.521983
161.057809
162.695233
164.424202
166.233219
168.109526
170.039302
172.007885
174.000000
176.000000
177.992115
179.960698
181.890474
183.766781
185.575798
187.304767
188.942191
190.478017
191.903797
193.212814
194.400195
195.462986
196.400195
197.212814
197.903797
198.478017
198.942191
199.304767
199.575798
199.766781
199.890474
199.960698
199.992115
200.000000
200.000000
0.007885
0.039302
0.109526
0.233219
0.424202
0.695233
1.057809
1.521983
2.096203
2.787186
3.599805
4.537014
5.599805
6.787186
8.096203
9.521983
11.057809
12.695233
14.424202
16.233219
18.109526
20.039302
22.007885
24.000000
26.000000
27.992115
29.960698
31.890474
33.766781
35.575798
37.304767
38.942191
40.478017
41.903797
43.212814
44.400195
45.462986
46.400195
47.212814
47.903797
48.478017
48.942191
49.304767
49.575798
49.766781
49.890474
49.960698
49.992115
50.000000
50.000000
50.007885
50.039302
50.109526
50.233219
50.424202
50.695233
51.057809
51.521983
52.096203
52.787186
53.599805
54.537014
55.599805
56.787186
58.096203
59.521983
61.057809
62.695233
64.424202
66.233219
68.109526
70.039302
72.007885
74.000000
76.000000
77.992115
79.960698
81.890474
83.766781
85.575798
87.304767
88.942191
90.478017
91.903797
93.212814
94.400195
95.462986
96.400195
97.212814
97.903797
98.478017
98.942191
99.304767
99.575798
99.766781
99.890474
99.960698
99.992115
100.000000
100.000000
100.007885
100.039302
100.109526
100.233219
100.424202
100.695233
101.057809
101.521983
102.096203
102.787186
103.599805
104.537014
105.599805
106.787186
108.096203
109.521983
111.057809
112.695233
114.424202
116.233219
118.109526
120.039302
122.007885
124.000000
126.000000
127.992115
129.960698
131.890474
133.766781
135.575798
137.304767
138.942191
140.478017
141.903797
143.212814
144.400195
145.462986
146.400195
147.212814
147.903797
148.478017
148.942191
149.304767
149.575798
149.766781
149.890474
149.960698
149.992115
150.000000
150.000000
150.007885
150.039302
150.109526
150.233219
150.424202
150.695233
151.057809
151.521983
152.096203
152.787186
153.599805
154.537014
155.599805
156.787186
158.096203
159.521983
161.057809
162.695233
164.424202
166.233219
168.109526
170.039302
172.007885
174.000000
176.000000
177.992115
179.960698
181.890474
183.766781
185.575798
187.304767
188.942191
190.478017
191.903797
193.212814
194.400195
195.462986
196.400195
197.212814
197.903797
198.478017
198.942191
199.304767
199.575798
199.766781
199.890474
199.960698
199.992115
200.000000
200.000000
0.007885
0.039302
0.109526
0.233219
0.424202
0.695233
1.057809
1.521983
2.096203
2.787186
3.599805
4.537014
5.599805
6.787186
8.096203
9.521983
11.057809
12.695233
14.424202
16.233219
18.109526
20.039302
22.007885
24.000000
26.000000
27.992115
29.960698
31.890474
33.766781
35.575798
37.304767
38.942191
40.478017
41.903797
43.212814
44.400195
45.462986
46.400195
47.212814
47.903797
48.478017
48.942191
49.304767
49.575798
49.766781
49.890474
49.960698
49.992115
50.000000
50.000000
50.007885
50.039302
50.109526
50.233219
50.424202
50.695233
51.057809
51.521983
52.096203
52.787186
53.599805
54.537014
55.599805
56.787186
58.096203
59.521983
61.057809
62.695233
64.424202
66.233219
68.109526
70.039302
72.007885
74.000000
76.000000
77.992115
79.960698
81.890474
83.766781
85.575798
87.304767
88.942191
90.478017
91.903797
93.212814
94.400195
95.462986
96.400195
97.212814
97.903797
98.478017
98.942191
99.304767
99.575798
99.766781
99.890474
99.960698
99.992115
100.000000
100.000000
100.007885
100.039302
100.109526
100.233219
100.424202
100.695233
101.057809
101.521983
102.096203
102.787186
103.599805
104.537014
105.599805
106.787186
108.096203
109.521983
111.057809
112.695233
114.424202
116.233219
118.109526
120.039302
122.007885
124.000000
126.000000
127.992115
129.960698
131.890474
133.766781
135.575798
137.304767
138.942191
140.478017
141.903797
143.212814
144.400195
145.462986
146.400195
147.212814
147.903797
148.478017
148.942191
149.304767
149.575798
149.766781
149.890474
149.960698
149.992115
150.000000
150.000000
150.007885
150.039302
150.109526
150.233219
150.424202
150.695233
151.057809
151.521983
152.096203
152.787186
153.599805
154.537014
155.599805
156.787186
158.096203
159.521983
161.057809
162.695233
164.424202
166.233219
168.109526
170.039302
172.007885
174.000000
176.000000
177.992115
179.960698
181.890474
183.766781
185.575798
187.304767
188.942191
190.478017
191.903797
193.212814
194.400195
195.462986
196.400195
197.212814
197.903797
198.478017
198.942191
199.304767
199.575798
199.766781
199.890474
199.960698
199.992115
200.000000
200.000000
-0.007885
-0.039302
-0.109526
-0.233219
-0.424202
-0.695233
-1.057809
-1.521983
-2.096203
-2.787186
-3.599805
-4.537014
-5.599805
-6.787186
-8.096203
-9.521983
-11.057809
-12.695233
-14.424202
-16.233219
-18.109526
-20.039302
-22.007885
-24.000000
-26.000000
-27.992115
-29.960698
-31.890474
-33.766781
-35.575798
-37.304767
-38.942191
-40.478017
-41.903797
-43.212814
-44.400195
-45.462986
-46.400195
-47.212814
-47.903797
-48.478017
-48.942191
-49.304767
-49.575798
-49.766781
-49.890474
-49.960698
-49.992115
-50.000000
-50.000000
-50.007885
-50.039302
-50.109526
-50.233219
-50.424202
-50.695233
-51.057809
-51.521983
-52.096203
-52.787186
-53.599805
-54.537014
-55.599805
-56.787186
-58.096203
-59.521983
-61.057809
-62.695233
-64.424202
-66.233219
-68.109526
-70.039302
-72.007885
-74.000000
-76.000000
-77.992115
-79.960698
-81.890474
-83.766781
-85.575798
-87.304767
-88.942191
-90.478017
-91.903797
-93.212814
-94.400195
-95.462986
-96.400195
-97.212814
-97.903797
-98.478017
-98.942191
-99.304767
-99.575798
-99.766781
-99.890474
-99.960698
-99.992115
-100.000000
-100.000000
-100.007885
-100.039302
-100.109526
-100.233219
-100.424202
-100.695233
-101.057809
-101.521983
-102.096203
-102.787186
-103.599805
-104.537014
-105.599805
-106.787186
-108.096203
-109.521983
-111.057809
-112.695233
-114.424202
-116.233219
-118.109526
-120.039302
-122.007885
-124.000000
-126.000000
-127.992115
-129.960698
-131.890474
-133.766781
-135.575798
-137.304767
-138.942191
-140.478017
-141.903797
-143.212814
-144.400195
-145.462986
-146.400195
-147.212814
-147.903797
-148.478017
-148.942191
-149.304767
-149.575798
-149.766781
-149.890474
-149.960698
-149.992115
-150.000000
-150.000000
-150.007885
-150.039302
-150.109526
-150.233219
-150.424202
-150.695233
-151.057809
-151.521983
-152.096203
-152.787186
-153.599805
-154.537014
-155.599805
-156.787186
-158.096203
-159.521983
-161.057809
-162.695233
-164.424202
-166.233219
-168.109526
-170.039302
-172.007885
-174.000000
-176.000000
-177.992115
-179.960698
-181.890474
-183.766781
-185.575798
-187.304767
-188.942191
-190.478017
-191.903797
-193.212814
-194.400195
-195.462986
-196.400195
-197.212814
-197.903797
-198.478017
-198.942191
-199.304767
-199.575798
-199.766781
-199.890474
-199.960698
-199.992115
-200.000000
-200.000000
0.007885
0.039302
0.109526
0.233219
0.424202
0.695233
1.057809
1.521983
2.096203
2.787186
3.599805
4.537014
5.599805
6.787186
8.096203
9.521983
11.057809
12.695233
14.424202
16.233219
18.109526
20.039302
22.007885
24.000000
26.000000
27.992115
29.960698
31.890474
33.766781
35.575798
37.304767
38.942191
40.478017
41.903797
43.212814
44.400195
45.462986
46.400195
47.212814
47.903797
48.478017
48.942191
49.304767
49.575798
49.766781
49.890474
49.960698
49.992115
50.000000
50.000000
50.007885
50.039302
50.109526
50.233219
50.424202
50.695233
51.057809
51.521983
52.096203
52.787186
53.599805
54.537014
55.599805
56.787186
58.096203
59.521983
61.057809
62.695233
64.424202
66.233219
68.109526
70.039302
72.007885
74.000000
76.000000
77.992115
79.960698
81.890474
83.766781
85.575798
87.304767
88.942191
90.478017
91.903797
93.212814
94.400195
95.462986
96.400195
97.212814
97.903797
98.478017
98.942191
99.304767
99.575798
99.766781
99.890474
99.960698
99.992115
100.000000
100.000000
100.007885
100.039302
100.109526
100.233219
100.424202
100.695233
101.057809
101.521983
102.096203
102.787186
103.599805
104.537014
105.599805
106.787186
108.096203
109.521983
111.057809
112.695233
114.424202
116.233219
118.109526
120.039302
122.007885
124.000000
126.000000
127.992115
129.960698
131.890474
133.766781
135.575798
137.304767
138.942191
140.478017
141.903797
143.212814
144.400195
145.462986
146.400195
147.212814
147.903797
148.478017
148.942191
149.304767
149.575798
149.766781
149.890474
149.960698
149.992115
150.000000
150.000000
150.007885
150.039302
150.109526
150.233219
150.424202
150.695233
151.057809
151.521983
152.096203
152.787186
153.599805
154.537014
155.599805
156.787186
158.096203
159.521983
161.057809
162.695233
164.424202
166.233219
168.109526
170.039302
172.007885
174.000000
176.000000
177.992115
179.960698
181.890474
183.766781
185.575798
187.304767
188.942191
190.478017
191.903797
193.212814
194.400195
195.462986
196.400195
197.212814
197.903797
198.478017
198.942191
199.304767
199.575798
199.766781
199.890474
199.960698
199.992115
200.000000
200.000000
0.007885
0.039302
0.109526
0.233219
0.424202
0.695233
1.057809
1.521983
2.096203
2.787186
3.599805
4.537014
5.599805
6.787186
8.096203
9.521983
11.057809
12.695233
14.424202
16.233219
18.109526
20.039302
22.007885
24.000000
26.000000
27.992115
29.960698
31.890474
33.766781
35.575798
37.304767
38.942191
40.478017
41.903797
43.212814
44.400195
45.462986
46.400195
47.212814
47.903797
48.478017
48.942191
49.304767
49.575798
49.766781
49.890474
49.960698
49.992115
50.000000
50.000000
50.007885
50.039302
50.109526
50.233219
50.424202
50.695233
51.057809
51.521983
52.096203
52.787186
53.599805
54.537014
55.599805
56.787186
58.096203
59.521983
61.057809
62.695233
64.424202
66.233219
68.109526
70.039302
72.007885
74.000000
76.000000
77.992115
79.960698
81.890474
83.766781
85.575798
87.304767
88.942191
90.478017
91.903797
93.212814
94.400195
95.462986
96.400195
97.212814
97.903797
98.478017
98.942191
99.304767
99.575798
99.766781
99.890474
99.960698
99.992115
100.000000
100.000000
100.007885
100.039302
100.109526
100.233219
100.424202
100.695233
101.057809
101.521983
102.096203
102.787186
103.599805
104.537014
105.599805
106.787186
108.096203
109.521983
111.057809
112.695233
114.424202
116.233219
118.109526
120.039302
122.007885
124.000000
126.000000
127.992115
129.960698
131.890474
133.766781
135.575798
137.304767
138.942191
140.478017
141.903797
143.212814
144.400195
145.462986
146.400195
147.212814
147.903797
148.478017
148.942191
149.304767
149.575798
149.766781
149.890474
149.960698
149.992115
150.000000
150.000000
150.007885
150.039302
150.109526
150.233219
150.424202
150.695233
151.057809
151.521983
152.096203
152.787186
153.599805
154.537014
155.599805
156.787186
158.096203
159.521983
161.057809
162.695233
164.424202
166.233219
168.109526
170.039302
172.007885
174.000000
176.000000
177.992115
179.960698
181.890474
183.766781
185.575798
187.304767
188.942191
190.478017
191.903797
193.212814
194.400195
195.462986
196.400195
197.212814
197.903797
198.478017
198.942191
199.304767
199.575798
199.766781
199.890474
199.960698
199.992115
200.000000
200.000000
-0.007885
-0.039302
-0.109526
-0.233219
-0.424202
-0.695233
-1.057809
-1.521983
-2.096203
-2.787186
-3.599805
-4.537014
-5.599805
-6.787186
-8.096203
-9.521983
-11.057809
-12.695233
-14.424202
-16.233219
-18.109526
-20.039302
-22.007885
-24.000000
-26.000000
-27.992115
-29.960698
-31.890474
-33.766781
-35.575798
-37.304767
-38.942191
-40.478017
-41.903797
-43.212814
-44.400195
-45.462986
-46.400195
-47.212814
-47.903797
-48.478017
-48.942191
-49.304767
-49.575798
-49.766781
-49.890474
-49.960698
-49.992115
-50.000000
-50.000000
-50.007885
-50.039302
-50.109526
-50.233219
-50.424202
-50.695233
-51.057809
-51.521983
-52.096203
-52.787186
-53.599805
-54.537014
-55.599805
-56.787186
-58.096203
-59.521983
-61.057809
-62.695233
-64.424202
-66.233219
-68.109526
-70.039302
-72.007885
-74.000000
-76.000000
-77.992115
-79.960698
-81.890474
-83.766781
-85.575798
-87.304767
-88.942191
-90.478017
-91.903797
-93.212814
-94.400195
-95.462986
-96.400195
-97.212814
-97.903797
-98.478017
-98.942191
-99.304767
-99.575798
-99.766781
-99.890474
-99.960698
-99.992115
-100.000000
-100.000000
-100.007885
-100.039302
-100.109526
-100.233219
-100.424202
-100.695233
-101.057809
-101.521983
-102.096203
-102.787186
-103.599805
-104.537014
-105.599805
-106.787186
-108.096203
-109.521983
-111.057809
-112.695233
-114.424202
-116.233219
-118.109526
-120.039302
-122.007885
-124.000000
-126.000000
-127.992115
-129.960698
-131.890474
-133.766781
-135.575798
-137.304767
-138.942191
-140.478017
-141.903797
-143.212814
-144.400195
-145.462986
-146.400195
-147.212814
-147.903797
-148.478017
-148.942191
-149.304767
-149.575798
-149.766781
-149.890474
-149.960698
-149.992115
-150.000000
-150.000000
-150.007885
-150.039302
-150.109526
-150.233219
-150.424202
-150.695233
-151.057809
-151.521983
-152.096203
-152.787186
-153.599805
-154.537014
-155.599805
-156.787186
-158.096203
-159.521983
-161.057809
-162.695233
-164.424202
-166.233219
-168.109526
-170.039302
-172.007885
-174.000000
-176.000000
-177.992115
-179.960698
-181.890474
-183.766781
-185.575798
-187.304767
-188.942191
-190.478017
-191.903797
-193.212814
-194.400195
-195.462986
-196.400195
-197.212814
-197.903797
-198.478017
-198.942191
-199.304767
-199.575798
-199.766781
-199.890474
-199.960698
-199.992115
-200.000000
-200.000000
-0.007885
-0.039302
-0.109526
-0.233219
-0.424202
-0.695233
-1.057809
-1.521983
-2.096203
-2.787186
-3.599805
-4.537014
-5.599805
-6.787186
-8.096203
-9.521983
-11.057809
-12.695233
-14.424202
-16.233219
-18.109526
-20.039302
-22.007885
-24.000000
-26.000000
-27.992115
-29.960698
-31.890474
-33.766781
-35.575798
-37.304767
-38.942191
-40.478017
-41.903797
-43.212814
-44.400195
-45.462986
-46.400195
-47.212814
-47.903797
-48.478017
-48.942191
-49.304767
-49.575798
-49.766781
-49.890474
-49.960698
-49.992115
-50.000000
-50.000000
-50.007885
-50.039302
-50.109526
-50.233219
-50.424202
-50.695233
-51.057809
-51.521983
-52.096203
-52.787186
-53.599805
-54.537014
-55.599805
-56.787186
-58.096203
-59.521983
-61.057809
-62.695233
-64.424202
-66.233219
-68.109526
-70.039302
-72.007885
-74.000000
-76.000000
-77.992115
-79.960698
-81.890474
-83.766781
-85.575798
-87.304767
-88.942191
-90.478017
-91.903797
-93.212814
-94.400195
-95.462986
-96.400195
-97.212814
-97.903797
-98.478017
-98.942191
-99.304767
-99.575798
-99.766781
-99.890474
-99.960698
-99.992115
-100.000000
-100.000000
-100.007885
-100.039302
-100.109526
-100.233219
-100.424202
-100.695233
-101.057809
-101.521983
-102.096203
-102.787186
-103.599805
-104.537014
-105.599805
-106.787186
-108.096203
-109.521983
-111.057809
-112.695233
-114.424202
-116.233219
-118.109526
-120.039302
-122.007885
-124.000000
-126.000000
-127.992115
-129.960698
-131.890474
-133.766781
-135.575798
-137.304767
-138.942191
-140.478017
-141.903797
-143.212814
-144.400195
-145.462986
-146.400195
-147.212814
-147.903797
-148.478017
-148.942191
-149.304767
-149.575798
-149.766781
-149.890474
-149.960698
-149.992115
-150.000000
-150.000000
-150.007885
-150.039302
-150.109526
-150.233219
-150.424202
-150.695233
-151.057809
-151.521983
-152.096203
-152.787186
-153.599805
-154.537014
-155.599805
-156.787186
-158.096203
-159.521983
-161.057809
-162.695233
-164.424202
-166.233219
-168.109526
-170.039302
-172.007885
-174.000000
-176.000000
-177.992115
-179.960698
-181.890474
-183.766781
-185.575798
-187.304767
-188.942191
-190.478017
-191.903797
-193.212814
-194.400195
-195.462986
-196.400195
-197.212814
-197.903797
-198.478017
-198.942191
-199.304767
-199.575798
-199.766781
-199.890474
-199.960698
-199.992115
-200.000000
-200.000000
-0.007885
-0.039302
-0.109526
-0.233219
-0.424202
-0.695233
-1.057809
-1.521983
-2.096203
-2.787186
-3.599805
-4.537014
-5.599805
-6.787186
-8.096203
-9.521983
-11.057809
-12.695233
-14.424202
-16.233219
-18.109526
-20.039302
-22.007885
-24.000000
-26.000000
-27.992115
-29.960698
-31.890474
-33.766781
-35.575798
-37.304767
-38.942191
-40.478017
-41.903797
-43.212814
-44.400195
-45.462986
-46.400195
-47.212814
-47.903797
-48.478017
-48.942191
-49.304767
-49.575798
-49.766781
-49.890474
-49.960698
-49.992115
-50.000000
-50.000000
-50.007885
-50.039302
-50.109526
-50.233219
-50.424202
-50.695233
-51.057809
-51.521983
-52.096203
-52.787186
-53.599805
-54.537014
-55.599805
-56.787186
-58.096203
-59.521983
-61.057809
-62.695233
-64.424202
-66.233219
-68.109526
-70.039302
-72.007885
-74.000000
-76.000000
-77.992115
-79.960698
-81.890474
-83.766781
-85.575798
-87.304767
-88.942191
-90.478017
-91.903797
-93.212814
-94.400195
-95.462986
-96.400195
-97.212814
-97.903797
-98.478017
-98.942191
-99.304767
-99.575798
-99.766781
-99.890474
-99.960698
-99.992115
-100.000000
-100.000000
-100.007885
-100.039302
-100.109526
-100.233219
-100.424202
-100.695233
-101.057809
-101.521983
-102.096203
-102.787186
-103.599805
-104.537014
-105.599805
-106.787186
-108.096203
-109.521983
-111.057809
-112.695233
-114.424202
-116.233219
-118.109526
-120.039302
-122.007885
-124.000000
-126.000000
-127.992115
-129.960698
-131.890474
-133.766781
-135.575798
-137.304767
-138.942191
-140.478017
-141.903797
-143.212814
-144.400195
-145.462986
-146.400195
-147.212814
-147.903797
-148.478017
-148.942191
-149.304767
-149.575798
-149.766781
-149.890474
-149.960698
-149.992115
-150.000000
-150.000000
-150.007885
-150.039302
-150.109526
-150.233219
-150.424202
-150.695233
-151.057809
-151.521983
-152.096203
-152.787186
-153.599805
-154.537014
-155.599805
-156.787186
-158.096203
-159.521983
-161.057809
-162.695233
-164.424202
-166.233219
-168.109526
-170.039302
-172.007885
-174.000000
-176.000000
-177.992115
-179.960698
-181.890474
-183.766781
-185.575798
-187.304767
-188.942191
-190.478017
-191.903797
-193.212814
-194.400195
-195.462986
-196.400195
-197.212814
-197.903797
-198.478017
-198.942191
-199.304767
-199.575798
-199.766781
-199.890474
-199.960698
-199.992115
-200.000000
