0.000000
-0.007885
-0.031417
-0.070224
-0.123693
-0.190983
-0.271031
-0.362576
-0.464173
-0.574221
-0.690983
-0.812619
-0.937209
-1.062791
-1.187381
-1.309017
-1.425779
-1.535827
-1.637424
-1.728969
-1.809017
-1.876307
-1.929776
-1.968583
-1.992115
-2.000000
-1.992115
-1.968583
-1.929776
-1.876307
-1.809017
-1.728969
-1.637424
-1.535827
-1.425779
-1.309017
-1.187381
-1.062791
-0.937209
-0.812619
-0.690983
-0.574221
-0.464173
-0.362576
-0.271031
-0.190983
-0.123693
-0.070224
-0.031417
-0.007885
-0.000000
-0.007885
-0.031417
-0.070224
-0.123693
-0.190983
-0.271031
-0.362576
-0.464173
-0.574221
-0.690983
-0.812619
-0.937209
-1.062791
-1.187381
-1.309017
-1.425779
-1.535827
-1.637424
-1.728969
-1.809017
-1.876307
-1.929776
-1.968583
-1.992115
-2.000000
-1.992115
-1.968583
-1.929776
-1.876307
-1.809017
-1.728969
-1.637424
-1.535827
-1.425779
-1.309017
-1.187381
-1.062791
-0.937209
-0.812619
-0.690983
-0.574221
-0.464173
-0.362576
-0.271031
-0.190983
-0.123693
-0.070224
-0.031417
-0.007885
-0.000000
-0.007885
-0.031417
-0.070224
-0.123693
-0.190983
-0.271031
-0.362576
-0.464173
-0.574221
-0.690983
-0.812619
-0.937209
-1.062791
-1.187381
-1.309017
-1.425779
-1.535827
-1.637424
-1.728969
-1.809017
-1.876307
-1.929776
-1.968583
-1.992115
-2.000000
-1.992115
-1.968583
-1.929776
-1.876307
-1.809017
-1.728969
-1.637424
-1.535827
-1.425779
-1.309017
-1.187381
-1.062791
-0.937209
-0.812619
-0.690983
-0.574221
-0.464173
-0.362576
-0.271031
-0.190983
-0.123693
-0.070224
-0.031417
-0.007885
-0.000000
-0.007885
-0.031417
-0.070224
-0.123693
-0.190983
-0.271031
-0.362576
-0.464173
-0.574221
-0.690983
-0.812619
-0.937209
-1.062791
-1.187381
-1.309017
-1.425779
-1.535827
-1.637424
-1.728969
-1.809017
-1.876307
-1.929776
-1.968583
-1.992115
-2.000000
-1.992115
-1.968583
-1.929776
-1.876307
-1.809017
-1.728969
-1.637424
-1.535827
-1.425779
-1.309017
-1.187381
-1.062791
-0.937209
-0.812619
-0.690983
-0.574221
-0.464173
-0.362576
-0.271031
-0.190983
-0.123693
-0.070224
-0.031417
-0.007885
0.000000
0.007885
0.031417
0.070224
0.123693
0.190983
0.271031
0.362576
0.464173
0.574221
0.690983
0.812619
0.937209
1.062791
1.187381
1.309017
1.425779
1.535827
1.637424
1.728969
1.809017
1.876307
1.929776
1.968583
1.992115
2.000000
1.992115
1.968583
1.929776
1.876307
1.809017
1.728969
1.637424
1.535827
1.425779
1.309017
1.187381
1.062791
0.937209
0.812619
0.690983
0.574221
0.464173
0.362576
0.271031
0.190983
0.123693
0.070224
0.031417
0.007885
0.000000
0.007885
0.031417
0.070224
0.123693
0.190983
0.271031
0.362576
0.464173
0.574221
0.690983
0.812619
0.937209
1.062791
1.187381
1.309017
1.425779
1.535827
1.637424
1.728969
1.809017
1.876307
1.929776
1.968583
1.992115
2.000000
1.992115
1.968583
1.929776
1.876307
1.809017
1.728969
1.637424
1.535827
1.425779
1.309017
1.187381
1.062791
0.937209
0.812619
0.690983
0.574221
0.464173
0.362576
0.271031
0.190983
0.123693
0.070224
0.031417
0.007885
0.000000
0.007885
0.031417
0.070224
0.123693
0.190983
0.271031
0.362576
0.464173
0.574221
0.690983
0.812619
0.937209
1.062791
1.187381
1.309017
1.425779
1.535827
1.637424
1.728969
1.809017
1.876307
1.929776
1.968583
1.992115
2.000000
1.992115
1.968583
1.929776
1.876307
1.809017
1.728969
1.637424
1.535827
1.425779
1.309017
1.187381
1.062791
0.937209
0.812619
0.690983
0.574221
0.464173
0.362576
0.271031
0.190983
0.123693
0.070224
0.031417
0.007885
0.000000
0.007885
0.031417
0.070224
0.123693
0.190983
0.271031
0.362576
0.464173
0.574221
0.690983
0.812619
0.937209
1.062791
1.187381
1.309017
1.425779
1.535827
1.637424
1.728969
1.809017
1.876307
1.929776
1.968583
1.992115
2.000000
1.992115
1.968583
1.929776
1.876307
1.809017
1.728969
1.637424
1.535827
1.425779
1.309017
1.187381
1.062791
0.937209
0.812619
0.690983
0.574221
0.464173
0.362576
0.271031
0.190983
0.123693
0.070224
0.031417
0.007885
0.000000
0.007885
0.031417
0.070224
0.123693
0.190983
0.271031
0.362576
0.464173
0.574221
0.690983
0.812619
0.937209
1.062791
1.187381
1.309017
1.425779
1.535827
1.637424
1.728969
1.809017
1.876307
1.929776
1.968583
1.992115
2.000000
1.992115
1.968583
1.929776
1.876307
1.809017
1.728969
1.637424
1.535827
1.425779
1.309017
1.187381
1.062791
0.937209
0.812619
0.690983
0.574221
0.464173
0.362576
0.271031
0.190983
0.123693
0.070224
0.031417
0.007885
0.000000
0.007885
0.031417
0.070224
0.123693
0.190983
0.271031
0.362576
0.464173
0.574221
0.690983
0.812619
0.937209
1.062791
1.187381
1.309017
1.425779
1.535827
1.637424
1.728969
1.809017
1.876307
1.929776
1.968583
1.992115
2.000000
1.992115
1.968583
1.929776
1.876307
1.809017
1.728969
1.637424
1.535827
1.425779
1.309017
1.187381
1.062791
0.937209
0.812619
0.690983
0.574221
0.464173
0.362576
0.271031
0.190983
0.123693
0.070224
0.031417
0.007885
0.000000
0.007885
0.031417
0.070224
0.123693
0.190983
0.271031
0.362576
0.464173
0.574221
0.690983
0.812619
0.937209
1.062791
1.187381
1.309017
1.425779
1.535827
1.637424
1.728969
1.809017
1.876307
1.929776
1.968583
1.992115
2.000000
1.992115
1.968583
1.929776
1.876307
1.809017
1.728969
1.637424
1.535827
1.425779
1.309017
1.187381
1.062791
0.937209
0.812619
0.690983
0.574221
0.464173
0.362576
0.271031
0.190983
0.123693
0.070224
0.031417
0.007885
0.000000
0.007885
0.031417
0.070224
0.123693
0.190983
0.271031
0.362576
0.464173
0.574221
0.690983
0.812619
0.937209
1.062791
1.187381
1.309017
1.425779
1.535827
1.637424
1.728969
1.809017
1.876307
1.929776
1.968583
1.992115
2.000000
1.992115
1.968583
1.929776
1.876307
1.809017
1.728969
1.637424
1.535827
1.425779
1.309017
1.187381
1.062791
0.937209
0.812619
0.690983
0.574221
0.464173
0.362576
0.271031
0.190983
0.123693
0.070224
0.031417
0.007885
0.000000
0.007885
0.031417
0.070224
0.123693
0.190983
0.271031
0.362576
0.464173
0.574221
0.690983
0.812619
0.937209
1.062791
1.187381
1.309017
1.425779
1.535827
1.637424
1.728969
1.809017
1.876307
1.929776
1.968583
1.992115
2.000000
1.992115
1.968583
1.929776
1.876307
1.809017
1.728969
1.637424
1.535827
1.425779
1.309017
1.187381
1.062791
0.937209
0.812619
0.690983
0.574221
0.464173
0.362576
0.271031
0.190983
0.123693
0.070224
0.031417
0.007885
0.000000
0.007885
0.031417
0.070224
0.123693
0.190983
0.271031
0.362576
0.464173
0.574221
0.690983
0.812619
0.937209
1.062791
1.187381
1.309017
1.425779
1.535827
1.637424
1.728969
1.809017
1.876307
1.929776
1.968583
1.992115
2.000000
1.992115
1.968583
1.929776
1.876307
1.809017
1.728969
1.637424
1.535827
1.425779
1.309017
1.187381
1.062791
0.937209
0.812619
0.690983
0.574221
0.464173
0.362576
0.271031
0.190983
0.123693
0.070224
0.031417
0.007885
0.000000
0.007885
0.031417
0.070224
0.123693
0.190983
0.271031
0.362576
0.464173
0.574221
0.690983
0.812619
0.937209
1.062791
1.187381
1.309017
1.425779
1.535827
1.637424
1.728969
1.809017
1.876307
1.929776
1.968583
1.992115
2.000000
1.992115
1.968583
1.929776
1.876307
1.809017
1.728969
1.637424
1.535827
1.425779
1.309017
1.187381
1.062791
0.937209
0.812619
0.690983
0.574221
0.464173
0.362576
0.271031
0.190983
0.123693
0.070224
0.031417
0.007885
0.000000
0.007885
0.031417
0.070224
0.123693
0.190983
0.271031
0.362576
0.464173
0.574221
0.690983
0.812619
0.937209
1.062791
1.187381
1.309017
1.425779
1.535827
1.637424
1.728969
1.809017
1.876307
1.929776
1.968583
1.992115
2.000000
1.992115
1.968583
1.929776
1.876307
1.809017
1.728969
1.637424
1.535827
1.425779
1.309017
1.187381
1.062791
0.937209
0.812619
0.690983
0.574221
0.464173
0.362576
0.271031
0.190983
0.123693
0.070224
0.031417
0.007885
0.000000
-0.007885
-0.031417
-0.070224
-0.123693
-0.190983
-0.271031
-0.362576
-0.464173
-0.574221
-0.690983
-0.812619
-0.937209
-1.062791
-1.187381
-1.309017
-1.425779
-1.535827
-1.637424
-1.728969
-1.809017
-1.876307
-1.929776
-1.968583
-1.992115
-2.000000
-1.992115
-1.968583
-1.929776
-1.876307
-1.809017
-1.728969
-1.637424
-1.535827
-1.425779
-1.309017
-1.187381
-1.062791
-0.937209
-0.812619
-0.690983
-0.574221
-0.464173
-0.362576
-0.271031
-0.190983
-0.123693
-0.070224
-0.031417
-0.007885
-0.000000
-0.007885
-0.031417
-0.070224
-0.123693
-0.190983
-0.271031
-0.362576
-0.464173
-0.574221
-0.690983
-0.812619
-0.937209
-1.062791
-1.187381
-1.309017
-1.425779
-1.535827
-1.637424
-1.728969
-1.809017
-1.876307
-1.929776
-1.968583
-1.992115
-2.000000
-1.992115
-1.968583
-1.929776
-1.876307
-1.809017
-1.728969
-1.637424
-1.535827
-1.425779
-1.309017
-1.187381
-1.062791
-0.937209
-0.812619
-0.690983
-0.574221
-0.464173
-0.362576
-0.271031
-0.190983
-0.123693
-0.070224
-0.031417
-0.007885
-0.000000
-0.007885
-0.031417
-0.070224
-0.123693
-0.190983
-0.271031
-0.362576
-0.464173
-0.574221
-0.690983
-0.812619
-0.937209
-1.062791
-1.187381
-1.309017
-1.425779
-1.535827
-1.637424
-1.728969
-1.809017
-1.876307
-1.929776
-1.968583
-1.992115
-2.000000
-1.992115
-1.968583
-1.929776
-1.876307
-1.809017
-1.728969
-1.637424
-1.535827
-1.425779
-1.309017
-1.187381
-1.062791
-0.937209
-0.812619
-0.690983
-0.574221
-0.464173
-0.362576
-0.271031
-0.190983
-0.123693
-0.070224
-0.031417
-0.007885
-0.000000
-0.007885
-0.031417
-0.070224
-0.123693
-0.190983
-0.271031
-0.362576
-0.464173
-0.574221
-0.690983
-0.812619
-0.937209
-1.062791
-1.187381
-1.309017
-1.425779
-1.535827
-1.637424
-1.728969
-1.809017
-1.876307
-1.929776
-1.968583
-1.992115
-2.000000
-1.992115
-1.968583
-1.929776
-1.876307
-1.809017
-1.728969
-1.637424
-1.535827
-1.425779
-1.309017
-1.187381
-1.062791
-0.937209
-0.812619
-0.690983
-0.574221
-0.464173
-0.362576
-0.271031
-0.190983
-0.123693
-0.070224
-0.031417
-0.007885
0.000000
0.007885
0.031417
0.070224
0.123693
0.190983
0.271031
0.362576
0.464173
0.574221
0.690983
0.812619
0.937209
1.062791
1.187381
1.309017
1.425779
1.535827
1.637424
1.728969
1.809017
1.876307
1.929776
1.968583
1.992115
2.000000
1.992115
1.968583
1.929776
1.876307
1.809017
1.728969
1.637424
1.535827
1.425779
1.309017
1.187381
1.062791
0.937209
0.812619
0.690983
0.574221
0.464173
0.362576
0.271031
0.190983
0.123693
0.070224
0.031417
0.007885
0.000000
0.007885
0.031417
0.070224
0.123693
0.190983
0.271031
0.362576
0.464173
0.574221
0.690983
0.812619
0.937209
1.062791
1.187381
1.309017
1.425779
1.535827
1.637424
1.728969
1.809017
1.876307
1.929776
1.968583
1.992115
2.000000
1.992115
1.968583
1.929776
1.876307
1.809017
1.728969
1.637424
1.535827
1.425779
1.309017
1.187381
1.062791
0.937209
0.812619
0.690983
0.574221
0.464173
0.362576
0.271031
0.190983
0.123693
0.070224
0.031417
0.007885
0.000000
0.007885
0.031417
0.070224
0.123693
0.190983
0.271031
0.362576
0.464173
0.574221
0.690983
0.812619
0.937209
1.062791
1.187381
1.309017
1.425779
1.535827
1.637424
1.728969
1.809017
1.876307
1.929776
1.968583
1.992115
2.000000
1.992115
1.968583
1.929776
1.876307
1.809017
1.728969
1.637424
1.535827
1.425779
1.309017
1.187381
1.062791
0.937209
0.812619
0.690983
0.574221
0.464173
0.362576
0.271031
0.190983
0.123693
0.070224
0.031417
0.007885
0.000000
0.007885
0.031417
0.070224
0.123693
0.190983
0.271031
0.362576
0.464173
0.574221
0.690983
0.812619
0.937209
1.062791
1.187381
1.309017
1.425779
1.535827
1.637424
1.728969
1.809017
1.876307
1.929776
1.968583
1.992115
2.000000
1.992115
1.968583
1.929776
1.876307
1.809017
1.728969
1.637424
1.535827
1.425779
1.309017
1.187381
1.062791
0.937209
0.812619
0.690983
0.574221
0.464173
0.362576
0.271031
0.190983
0.123693
0.070224
0.031417
0.007885
0.000000
0.007885
0.031417
0.070224
0.123693
0.190983
0.271031
0.362576
0.464173
0.574221
0.690983
0.812619
0.937209
1.062791
1.187381
1.309017
1.425779
1.535827
1.637424
1.728969
1.809017
1.876307
1.929776
1.968583
1.992115
2.000000
1.992115
1.968583
1.929776
1.876307
1.809017
1.728969
1.637424
1.535827
1.425779
1.309017
1.187381
1.062791
0.937209
0.812619
0.690983
0.574221
0.464173
0.362576
0.271031
0.190983
0.123693
0.070224
0.031417
0.007885
0.000000
0.007885
0.031417
0.070224
0.123693
0.190983
0.271031
0.362576
0.464173
0.574221
0.690983
0.812619
0.937209
1.062791
1.187381
1.309017
1.425779
1.535827
1.637424
1.728969
1.809017
1.876307
1.929776
1.968583
1.992115
2.000000
1.992115
1.968583
1.929776
1.876307
1.809017
1.728969
1.637424
1.535827
1.425779
1.309017
1.187381
1.062791
0.937209
0.812619
0.690983
0.574221
0.464173
0.362576
0.271031
0.190983
0.123693
0.070224
0.031417
0.007885
0.000000
0.007885
0.031417
0.070224
0.123693
0.190983
0.271031
0.362576
0.464173
0.574221
0.690983
0.812619
0.937209
1.062791
1.187381
1.309017
1.425779
1.535827
1.637424
1.728969
1.809017
1.876307
1.929776
1.968583
1.992115
2.000000
1.992115
1.968583
1.929776
1.876307
1.809017
1.728969
1.637424
1.535827
1.425779
1.309017
1.187381
1.062791
0.937209
0.812619
0.690983
0.574221
0.464173
0.362576
0.271031
0.190983
0.123693
0.070224
0.031417
0.007885
0.000000
0.007885
0.031417
0.070224
0.123693
0.190983
0.271031
0.362576
0.464173
0.574221
0.690983
0.812619
0.937209
1.062791
1.187381
1.309017
1.425779
1.535827
1.637424
1.728969
1.809017
1.876307
1.929776
1.968583
1.992115
2.000000
1.992115
1.968583
1.929776
1.876307
1.809017
1.728969
1.637424
1.535827
1.425779
1.309017
1.187381
1.062791
0.937209
0.812619
0.690983
0.574221
0.464173
0.362576
0.271031
0.190983
0.123693
0.070224
0.031417
0.007885
0.000000
-0.007885
-0.031417
-0.070224
-0.123693
-0.190983
-0.271031
-0.362576
-0.464173
-0.574221
-0.690983
-0.812619
-0.937209
-1.062791
-1.187381
-1.309017
-1.425779
-1.535827
-1.637424
-1.728969
-1.809017
-1.876307
-1.929776
-1.968583
-1.992115
-2.000000
-1.992115
-1.968583
-1.929776
-1.876307
-1.809017
-1.728969
-1.637424
-1.535827
-1.425779
-1.309017
-1.187381
-1.062791
-0.937209
-0.812619
-0.690983
-0.574221
-0.464173
-0.362576
-0.271031
-0.190983
-0.123693
-0.070224
-0.031417
-0.007885
-0.000000
-0.007885
-0.031417
-0.070224
-0.123693
-0.190983
-0.271031
-0.362576
-0.464173
-0.574221
-0.690983
-0.812619
-0.937209
-1.062791
-1.187381
-1.309017
-1.425779
-1.535827
-1.637424
-1.728969
-1.809017
-1.876307
-1.929776
-1.968583
-1.992115
-2.000000
-1.992115
-1.968583
-1.929776
-1.876307
-1.809017
-1.728969
-1.637424
-1.535827
-1.425779
-1.309017
-1.187381
-1.062791
-0.937209
-0.812619
-0.690983
-0.574221
-0.464173
-0.362576
-0.271031
-0.190983
-0.123693
-0.070224
-0.031417
-0.007885
-0.000000
-0.007885
-0.031417
-0.070224
-0.123693
-0.190983
-0.271031
-0.362576
-0.464173
-0.574221
-0.690983
-0.812619
-0.937209
-1.062791
-1.187381
-1.309017
-1.425779
-1.535827
-1.637424
-1.728969
-1.809017
-1.876307
-1.929776
-1.968583
-1.992115
-2.000000
-1.992115
-1.968583
-1.929776
-1.876307
-1.809017
-1.728969
-1.637424
-1.535827
-1.425779
-1.309017
-1.187381
-1.062791
-0.937209
-0.812619
-0.690983
-0.574221
-0.464173
-0.362576
-0.271031
-0.190983
-0.123693
-0.070224
-0.031417
-0.007885
-0.000000
-0.007885
-0.031417
-0.070224
-0.123693
-0.190983
-0.271031
-0.362576
-0.464173
-0.574221
-0.690983
-0.812619
-0.937209
-1.062791
-1.187381
-1.309017
-1.425779
-1.535827
-1.637424
-1.728969
-1.809017
-1.876307
-1.929776
-1.968583
-1.992115
-2.000000
-1.992115
-1.968583
-1.929776
-1.876307
-1.809017
-1.728969
-1.637424
-1.535827
-1.425779
-1.309017
-1.187381
-1.062791
-0.937209
-0.812619
-0.690983
-0.574221
-0.464173
-0.362576
-0.271031
-0.190983
-0.123693
-0.070224
-0.031417
-0.007885
-0.000000
-0.007885
-0.031417
-0.070224
-0.123693
-0.190983
-0.271031
-0.362576
-0.464173
-0.574221
-0.690983
-0.812619
-0.937209
-1.062791
-1.187381
-1.309017
-1.425779
-1.535827
-1.637424
-1.728969
-1.809017
-1.876307
-1.929776
-1.968583
-1.992115
-2.000000
-1.992115
-1.968583
-1.929776
-1.876307
-1.809017
-1.728969
-1.637424
-1.535827
-1.425779
-1.309017
-1.187381
-1.062791
-0.937209
-0.812619
-0.690983
-0.574221
-0.464173
-0.362576
-0.271031
-0.190983
-0.123693
-0.070224
-0.031417
-0.007885
0.000000
-0.007885
-0.031417
-0.070224
-0.123693
-0.190983
-0.271031
-0.362576
-0.464173
-0.574221
-0.690983
-0.812619
-0.937209
-1.062791
-1.187381
-1.309017
-1.425779
-1.535827
-1.637424
-1.728969
-1.809017
-1.876307
-1.929776
-1.968583
-1.992115
-2.000000
-1.992115
-1.968583
-1.929776
-1.876307
-1.809017
-1.728969
-1.637424
-1.535827
-1.425779
-1.309017
-1.187381
-1.062791
-0.937209
-0.812619
-0.690983
-0.574221
-0.464173
-0.362576
-0.271031
-0.190983
-0.123693
-0.070224
-0.031417
-0.007885
-0.000000
-0.007885
-0.031417
-0.070224
-0.123693
-0.190983
-0.271031
-0.362576
-0.464173
-0.574221
-0.690983
-0.812619
-0.937209
-1.062791
-1.187381
-1.309017
-1.425779
-1.535827
-1.637424
-1.728969
-1.809017
-1.876307
-1.929776
-1.968583
-1.992115
-2.000000
-1.992115
-1.968583
-1.929776
-1.876307
-1.809017
-1.728969
-1.637424
-1.535827
-1.425779
-1.309017
-1.187381
-1.062791
-0.937209
-0.812619
-0.690983
-0.574221
-0.464173
-0.362576
-0.271031
-0.190983
-0.123693
-0.070224
-0.031417
-0.007885
-0.000000
-0.007885
-0.031417
-0.070224
-0.123693
-0.190983
-0.271031
-0.362576
-0.464173
-0.574221
-0.690983
-0.812619
-0.937209
-1.062791
-1.187381
-1.309017
-1.425779
-1.535827
-1.637424
-1.728969
-1.809017
-1.876307
-1.929776
-1.968583
-1.992115
-2.000000
-1.992115
-1.968583
-1.929776
-1.876307
-1.809017
-1.728969
-1.637424
-1.535827
-1.425779
-1.309017
-1.187381
-1.062791
-0.937209
-0.812619
-0.690983
-0.574221
-0.464173
-0.362576
-0.271031
-0.190983
-0.123693
-0.070224
-0.031417
-0.007885
-0.000000
-0.007885
-0.031417
-0.070224
-0.123693
-0.190983
-0.271031
-0.362576
-0.464173
-0.574221
-0.690983
-0.812619
-0.937209
-1.062791
-1.187381
-1.309017
-1.425779
-1.535827
-1.637424
-1.728969
-1.809017
-1.876307
-1.929776
-1.968583
-1.992115
-2.000000
-1.992115
-1.968583
-1.929776
-1.876307
-1.809017
-1.728969
-1.637424
-1.535827
-1.425779
-1.309017
-1.187381
-1.062791
-0.937209
-0.812619
-0.690983
-0.574221
-0.464173
-0.362576
-0.271031
-0.190983
-0.123693
-0.070224
-0.031417
-0.007885
0.000000
-0.007885
-0.031417
-0.070224
-0.123693
-0.190983
-0.271031
-0.362576
-0.464173
-0.574221
-0.690983
-0.812619
-0.937209
-1.062791
-1.187381
-1.309017
-1.425779
-1.535827
-1.637424
-1.728969
-1.809017
-1.876307
-1.929776
-1.968583
-1.992115
-2.000000
-1.992115
-1.968583
-1.929776
-1.876307
-1.809017
-1.728969
-1.637424
-1.535827
-1.425779
-1.309017
-1.187381
-1.062791
-0.937209
-0.812619
-0.690983
-0.574221
-0.464173
-0.362576
-0.271031
-0.190983
-0.123693
-0.070224
-0.031417
-0.007885
-0.000000
-0.007885
-0.031417
-0.070224
-0.123693
-0.190983
-0.271031
-0.362576
-0.464173
-0.574221
-0.690983
-0.812619
-0.937209
-1.062791
-1.187381
-1.309017
-1.425779
-1.535827
-1.637424
-1.728969
-1.809017
-1.876307
-1.929776
-1.968583
-1.992115
-2.000000
-1.992115
-1.968583
-1.929776
-1.876307
-1.809017
-1.728969
-1.637424
-1.535827
-1.425779
-1.309017
-1.187381
-1.062791
-0.937209
-0.812619
-0.690983
-0.574221
-0.464173
-0.362576
-0.271031
-0.190983
-0.123693
-0.070224
-0.031417
-0.007885
-0.000000
-0.007885
-0.031417
-0.070224
-0.123693
-0.190983
-0.271031
-0.362576
-0.464173
-0.574221
-0.690983
-0.812619
-0.937209
-1.062791
-1.187381
-1.309017
-1.425779
-1.535827
-1.637424
-1.728969
-1.809017
-1.876307
-1.929776
-1.968583
-1.992115
-2.000000
-1.992115
-1.968583
-1.929776
-1.876307
-1.809017
-1.728969
-1.637424
-1.535827
-1.425779
-1.309017
-1.187381
-1.062791
-0.937209
-0.812619
-0.690983
-0.574221
-0.464173
-0.362576
-0.271031
-0.190983
-0.123693
-0.070224
-0.031417
-0.007885
