0.000000
1.740829
3.372276
4.791830
5.910295
6.657396
6.986187
6.876011
6.333789
5.393593
4.114497
2.576872
0.877333
-0.877333
-2.576872
-4.114497
-5.393593
-6.333789
-6.876011
-6.986187
-6.657396
-5.910295
-4.791830
-3.372276
-1.740829
-0.000000
1.740829
3.372276
4.791830
5.910295
6.657396
6.986187
6.876011
6.333789
5.393593
4.114497
2.576872
0.877333
-0.877333
-2.576872
-4.114497
-5.393593
-6.333789
-6.876011
-6.986187
-6.657396
-5.910295
-4.791830
-3.372276
-1.740829
-0.000000
0.746070
1.445261
2.053641
2.532984
2.853170
2.994080
2.946862
2.714481
2.311540
1.763356
1.104374
0.376000
-0.376000
-1.104374
-1.763356
-2.311540
-2.714481
-2.946862
-2.994080
-2.853170
-2.532984
-2.053641
-1.445261
-0.746070
-0.000000
0.746070
1.445261
2.053641
2.532984
2.853170
2.994080
2.946862
2.714481
2.311540
1.763356
1.104374
0.376000
-0.376000
-1.104374
-1.763356
-2.311540
-2.714481
-2.946862
-2.994080
-2.853170
-2.532984
-2.053641
-1.445261
-0.746070
-0.000000
0.746070
1.445261
2.053641
2.532984
2.853170
2.994080
2.946862
2.714481
2.311540
1.763356
1.104374
0.376000
-0.376000
-1.104374
-1.763356
-2.311540
-2.714481
-2.946862
-2.994080
-2.853170
-2.532984
-2.053641
-1.445261
-0.746070
-0.000000
0.746070
1.445261
2.053641
2.532984
2.853170
2.994080
2.946862
2.714481
2.311540
1.763356
1.104374
0.376000
-0.376000
-1.104374
-1.763356
-2.311540
-2.714481
-2.946862
-2.994080
-2.853170
-2.532984
-2.053641
-1.445261
-0.746070
-0.000000
1.740829
3.372276
4.791830
5.910295
6.657396
6.986187
6.876011
6.333789
5.393593
4.114497
2.576872
0.877333
-0.877333
-2.576872
-4.114497
-5.393593
-6.333789
-6.876011
-6.986187
-6.657396
-5.910295
-4.791830
-3.372276
-1.740829
-0.000000
1.740829
3.372276
4.791830
5.910295
6.657396
6.986187
6.876011
6.333789
5.393593
4.114497
2.576872
0.877333
-0.877333
-2.576872
-4.114497
-5.393593
-6.333789
-6.876011
-6.986187
-6.657396
-5.910295
-4.791830
-3.372276
-1.740829
-0.000000
1.740829
3.372276
4.791830
5.910295
6.657396
6.986187
6.876011
6.333789
5.393593
4.114497
2.576872
0.877333
-0.877333
-2.576872
-4.114497
-5.393593
-6.333789
-6.876011
-6.986187
-6.657396
-5.910295
-4.791830
-3.372276
-1.740829
-0.000000
1.740829
3.372276
4.791830
5.910295
6.657396
6.986187
6.876011
6.333789
5.393593
4.114497
2.576872
0.877333
-0.877333
-2.576872
-4.114497
-5.393593
-6.333789
-6.876011
-6.986187
-6.657396
-5.910295
-4.791830
-3.372276
-1.740829
-0.000000
0.746070
1.445261
2.053641
2.532984
2.853170
2.994080
2.946862
2.714481
2.311540
1.763356
1.104374
0.376000
-0.376000
-1.104374
-1.763356
-2.311540
-2.714481
-2.946862
-2.994080
-2.853170
-2.532984
-2.053641
-1.445261
-0.746070
0.000000
0.746070
1.445261
2.053641
2.532984
2.853170
2.994080
2.946862
2.714481
2.311540
1.763356
1.104374
0.376000
-0.376000
-1.104374
-1.763356
-2.311540
-2.714481
-2.946862
-2.994080
-2.853170
-2.532984
-2.053641
-1.445261
-0.746070
-0.000000
1.740829
3.372276
4.791830
5.910295
6.657396
6.986187
6.876011
6.333789
5.393593
4.114497
2.576872
0.877333
-0.877333
-2.576872
-4.114497
-5.393593
-6.333789
-6.876011
-6.986187
-6.657396
-5.910295
-4.791830
-3.372276
-1.740829
0.000000
1.740829
3.372276
4.791830
5.910295
6.657396
6.986187
6.876011
6.333789
5.393593
4.114497
2.576872
0.877333
-0.877333
-2.576872
-4.114497
-5.393593
-6.333789
-6.876011
-6.986187
-6.657396
-5.910295
-4.791830
-3.372276
-1.740829
-0.000000
1.740829
3.372276
4.791830
5.910295
6.657396
6.986187
6.876011
6.333789
5.393593
4.114497
2.576872
0.877333
-0.877333
-2.576872
-4.114497
-5.393593
-6.333789
-6.876011
-6.986187
-6.657396
-5.910295
-4.791830
-3.372276
-1.740829
-0.000000
1.740829
3.372276
4.791830
5.910295
6.657396
6.986187
6.876011
6.333789
5.393593
4.114497
2.576872
0.877333
-0.877333
-2.576872
-4.114497
-5.393593
-6.333789
-6.876011
-6.986187
-6.657396
-5.910295
-4.791830
-3.372276
-1.740829
-0.000000
1.740829
3.372276
4.791830
5.910295
6.657396
6.986187
6.876011
6.333789
5.393593
4.114497
2.576872
0.877333
-0.877333
-2.576872
-4.114497
-5.393593
-6.333789
-6.876011
-6.986187
-6.657396
-5.910295
-4.791830
-3.372276
-1.740829
-0.000000
1.740829
3.372276
4.791830
5.910295
6.657396
6.986187
6.876011
6.333789
5.393593
4.114497
2.576872
0.877333
-0.877333
-2.576872
-4.114497
-5.393593
-6.333789
-6.876011
-6.986187
-6.657396
-5.910295
-4.791830
-3.372276
-1.740829
-0.000000
0.746070
1.445261
2.053641
2.532984
2.853170
2.994080
2.946862
2.714481
2.311540
1.763356
1.104374
0.376000
-0.376000
-1.104374
-1.763356
-2.311540
-2.714481
-2.946862
-2.994080
-2.853170
-2.532984
-2.053641
-1.445261
-0.746070
-0.000000
0.746070
1.445261
2.053641
2.532984
2.853170
2.994080
2.946862
2.714481
2.311540
1.763356
1.104374
0.376000
-0.376000
-1.104374
-1.763356
-2.311540
-2.714481
-2.946862
-2.994080
-2.853170
-2.532984
-2.053641
-1.445261
-0.746070
