-130.047121
11.148717
12.741621
18.159035
14.965825
18.297577
15.199270
18.630025
13.458620
12.125127
-125.325115
12.709285
14.644201
20.453858
17.723158
21.618979
19.239277
23.643632
19.928791
21.268450
31.303338
21.055849
19.503317
23.004740
18.386141
20.550493
16.437920
18.950163
12.920026
10.762273
-120.867552
9.723927
10.825285
15.760620
12.089379
14.942263
11.359570
14.295680
8.614285
6.749712
-122.344960
6.179489
7.471571
12.575872
9.055589
12.044334
8.584704
11.632922
6.054174
4.284015
-123.074512
3.881829
5.249106
10.423571
6.968947
10.019296
6.617608
9.720446
4.193297
2.471978
-121.554109
2.160099
3.569234
8.783586
5.367025
8.453746
5.086859
8.223035
2.727858
1.037237
-116.761655
0.783248
2.219719
7.460418
4.069274
7.180536
3.837361
6.996466
1.523480
-0.145653
-120.859634
-0.358626
1.097436
6.357156
2.984491
6.113712
2.788004
5.964106
0.507665
-1.145352
-122.023650
-1.327311
0.143685
5.417977
2.059536
5.202650
1.890515
5.079882
-0.363589
-2.003920
-125.390153
-2.161315
-0.678423
4.607521
1.260497
4.414800
1.113634
4.313759
-1.119158
-2.749133
-116.212435
-2.886384
-1.393691
3.901881
0.564317
3.727918
0.435893
3.645007
-1.779070
-3.400347
-115.562545
-3.520616
-2.019630
3.284109
-0.045412
3.126112
-0.158106
3.058701
-2.357792
-3.971592
-115.015398
-4.077216
-2.569057
2.741759
-0.580778
2.597640
-0.679773
2.543753
-2.866104
-4.473351
-124.116534
-4.566104
-3.051624
2.265439
-1.050922
2.133601
-1.137775
2.091722
-3.312230
-4.913636
-117.913634
-4.994890
-3.474749
1.847917
-1.462898
1.727117
-1.538821
1.696061
-3.702557
-5.298678
-123.119561
-5.369509
-3.844227
1.483534
-1.822230
1.372792
-1.888181
1.351625
-4.042110
-5.633388
-119.945589
-5.694648
-4.164637
1.167818
-2.133288
1.066357
-2.190027
1.054335
-4.334876
-5.921662
-118.016552
-5.974030
-4.439617
0.897210
-2.399552
0.804410
-2.447684
0.800941
-4.584032
-6.166605
-127.681143
-6.210621
-4.672068
0.668876
-2.623791
0.584245
-2.663798
0.588858
-4.792104
-6.370687
-113.073763
-6.406779
-4.864293
0.480568
-2.808200
0.403716
-2.840461
0.416043
-4.961087
-6.535853
-121.433450
-6.564355
-5.018095
0.330525
-2.954497
0.261152
-2.979305
0.280908
-5.092526
-6.663607
-114.768748
-6.684773
-5.134861
0.217401
-3.063989
0.155284
-3.081559
0.182258
-5.187579
-6.755072
-114.345111
-6.769084
-5.215606
0.140215
-3.137622
0.085197
-3.148106
0.119246
-5.247062
-6.811029
-113.246163
-6.818006
-5.261017
0.098312
-3.176021
0.050299
-3.179506
0.091342
-5.271473
