-0.000000
-0.958522
0.546394
0.647056
-0.915241
-0.125333
0.986686
-0.437116
-0.737513
0.857527
0.248690
-0.999289
0.320944
0.816339
-0.786288
-0.368125
0.996134
-0.199710
-0.882291
0.702650
0.481754
-0.977268
0.075327
0.934329
-0.607930
-0.587785
0.942991
0.050244
-0.971632
0.503623
0.684547
-0.893841
-0.175023
0.993611
-0.391374
-0.770513
0.830596
0.297042
-0.999921
0.272952
0.844328
-0.754251
-0.414376
0.990461
-0.150225
-0.904827
0.666012
0.525175
-0.965382
0.025130
0.951057
-0.567269
-0.627691
0.925077
0.100362
-0.982287
0.459580
0.720309
-0.870184
-0.224271
0.998027
-0.344643
-0.801567
0.801567
0.344643
-0.998027
0.224271
0.870184
-0.720309
-0.459580
0.982287
-0.100361
-0.925077
0.627691
0.567269
-0.951056
-0.025130
0.965382
-0.525175
-0.666012
0.904827
0.150226
-0.990461
0.414375
0.754251
-0.844328
-0.272952
0.999921
-0.297041
-0.830596
0.770513
0.391374
-0.993611
0.175023
0.893841
-0.684547
-0.503623
0.971632
-0.050244
-0.942990
0.587785
0.607930
-0.934329
-0.075327
0.977268
-0.481753
-0.702650
0.882291
0.199710
-0.996134
0.368124
0.786288
-0.816339
-0.320944
0.999289
-0.248690
-0.857527
0.737513
0.437116
-0.986686
0.125333
0.915241
-0.647056
-0.546394
0.958522
0.000000
-0.958522
0.546394
0.647056
-0.915241
-0.125333
0.986686
-0.437116
-0.737513
0.857527
0.248690
-0.999289
0.320944
0.816339
-0.786289
-0.368124
0.996134
-0.199709
-0.882291
0.702650
0.481754
-0.977268
0.075326
0.934329
-0.607930
-0.587785
0.942990
0.050244
-0.971632
0.503623
0.684547
-0.893841
-0.175023
0.993611
-0.391374
-0.770513
0.830596
0.297042
-0.999921
0.272952
0.844328
-0.754251
-0.414376
0.990461
-0.150226
-0.904827
0.666012
0.525175
-0.965381
0.025130
0.951057
-0.567268
-0.627692
0.925077
0.100362
-0.982287
0.459579
0.720309
-0.870184
-0.224271
0.998027
-0.344642
-0.801567
0.801567
0.344643
-0.998027
0.224270
0.870184
-0.720309
-0.459580
0.982287
-0.100362
-0.925077
0.627692
0.567269
-0.951056
-0.025130
0.965382
-0.525175
-0.666012
0.904827
0.150226
-0.990461
0.414375
0.754251
-0.844328
-0.272952
0.999921
-0.297041
-0.830596
0.770513
0.391374
-0.993611
0.175023
0.893842
-0.684547
-0.503623
0.971632
-0.050245
-0.942991
0.587785
0.607930
-0.934329
-0.075326
0.977268
-0.481754
-0.702650
0.882291
0.199710
-0.996134
0.368124
0.786289
-0.816339
-0.320944
0.999289
-0.248689
-0.857527
0.737513
0.437116
-0.986686
0.125333
0.915241
-0.647056
-0.546395
0.958522
0.000000
-0.958522
0.546395
0.647056
-0.915241
-0.125333
0.986686
-0.437115
-0.737513
0.857527
0.248690
-0.999289
0.320943
0.816339
-0.786288
-0.368124
0.996134
-0.199710
-0.882291
0.702650
0.481753
-0.977268
0.075327
0.934329
-0.607931
-0.587785
0.942991
0.050244
-0.971632
0.503624
0.684546
-0.893841
-0.175024
0.993611
-0.391373
-0.770514
0.830596
0.297043
-0.999921
0.272951
0.844328
-0.754251
-0.414377
0.990461
-0.150225
-0.904827
0.666012
0.525175
-0.965381
0.025130
0.951057
-0.567268
-0.627692
0.925077
0.100362
-0.982287
0.459579
0.720309
-0.870184
-0.224271
0.998027
-0.344642
-0.801567
0.801567
0.344643
-0.998027
0.224270
0.870184
-0.720309
-0.459580
0.982287
-0.100362
-0.925078
0.627691
0.567269
-0.951056
-0.025130
0.965382
-0.525175
-0.666011
0.904827
0.150225
-0.990462
0.414375
0.754252
-0.844328
-0.272952
0.999921
-0.297042
-0.830595
0.770514
0.391374
-0.993611
0.175023
0.893842
-0.684546
-0.503624
0.971631
-0.050243
-0.942991
0.587785
0.607930
-0.934328
-0.075328
0.977268
-0.481753
-0.702651
0.882291
0.199710
-0.996134
0.368125
0.786288
-0.816338
-0.320945
0.999289
-0.248689
-0.857527
0.737513
0.437116
-0.986686
0.125334
0.915242
-0.647055
-0.546395
0.958522
0.000000
-0.958522
0.546394
0.647056
-0.915241
-0.125334
0.986686
-0.437115
-0.737513
0.857527
0.248690
-0.999289
0.320944
0.816339
-0.786288
-0.368125
0.996134
-0.199710
-0.882291
0.702650
0.481753
-0.977268
0.075328
0.934329
-0.607930
-0.587786
0.942990
0.050244
-0.971632
0.503624
0.684547
-0.893842
-0.175024
0.993611
-0.391373
-0.770514
0.830595
0.297043
-0.999921
0.272951
0.844328
-0.754251
-0.414376
0.990461
-0.150224
-0.904828
0.666011
0.525176
-0.965381
0.025129
0.951057
-0.567269
-0.627691
0.925077
0.100363
-0.982287
0.459579
0.720310
-0.870183
-0.224271
0.998027
-0.344643
-0.801567
0.801566
0.344644
-0.998027
0.224270
0.870184
-0.720309
-0.459580
0.982287
-0.100362
-0.925078
0.627691
0.567270
-0.951056
-0.025130
0.965382
-0.525175
-0.666012
0.904827
0.150225
-0.990462
0.414375
0.754252
-0.844328
-0.272952
0.999921
-0.297042
-0.830595
0.770514
0.391374
-0.993611
0.175023
0.893842
-0.684546
-0.503624
0.971631
-0.050243
-0.942991
0.587785
0.607931
-0.934328
-0.075329
0.977268
-0.481753
-0.702651
0.882291
0.199711
-0.996134
0.368124
0.786288
-0.816338
-0.320945
0.999289
-0.248689
-0.857527
0.737513
0.437116
-0.986686
0.125333
0.915242
-0.647055
-0.546395
0.958522
