-55.713175
-59.284961
-59.651547
-55.259908
-54.878167
-54.590580
-58.007699
-54.679277
-51.926236
-57.344782
-54.731818
-53.470268
-50.206370
-51.793245
-54.042492
-51.995802
-52.724636
-52.254324
-52.954772
-51.579100
-50.040911
-52.484829
-53.101089
-58.347486
-53.319654
-57.181566
-60.692076
-53.452135
-53.784909
-58.667915
-55.561337
-52.860789
-50.845142
-51.172939
-51.542562
-49.780915
-50.598107
-52.008986
-53.987686
-53.135923
-54.031373
-63.739201
-54.281962
-49.654056
-53.793647
-48.645474
-51.954085
-60.047617
-52.587043
-54.720749
-53.649125
-53.983565
-55.720328
-52.664443
-55.050848
-55.718126
-55.564061
-54.944991
-55.751809
-50.747708
-53.067452
-53.223096
-55.108745
-55.028899
-51.700021
-52.410047
-56.412361
-55.623182
-51.660719
-59.794301
-56.183838
-53.034002
-54.772807
-53.690162
-56.548337
-55.128564
-52.110217
-55.623020
-56.857698
-55.877925
-54.241875
-56.521677
-55.883053
-53.077613
-55.267092
-52.212396
-55.648020
-50.559367
-52.043318
-59.615461
-55.243051
-54.667225
-52.251329
-53.139373
-51.511244
-47.226399
-45.983493
-46.581947
-51.104062
-49.730824
-51.833453
-51.041131
-52.990082
-53.235390
-52.252290
-58.446286
-63.193569
-53.367351
-49.742020
-54.427276
-55.076970
-57.921964
-54.385047
-56.400053
-52.814207
-52.353231
-50.686496
-52.211606
-55.445316
-52.852084
-51.283630
-50.991930
-56.275493
-51.447022
-50.071950
-50.354141
-55.334687
-53.374902
-55.839319
-50.864376
-53.080631
-46.621353
-49.632992
-47.425147
-53.841083
-54.747503
-49.780627
-48.292246
-55.557130
-46.313836
-44.475819
-48.023947
-53.956992
-49.855385
-54.360358
-50.503751
-50.896947
-46.864895
23.979400
-46.630291
-49.932319
-52.532760
-56.006709
-49.444648
-54.099000
-47.819800
-44.744881
-47.356400
-58.047090
-50.593955
-56.441363
-50.848259
-52.649946
-47.579563
-53.254025
-48.792357
-53.193759
-50.206601
-53.736486
-54.591655
-51.575813
-52.665534
-52.545070
-53.035284
-56.069937
-53.515207
-54.063189
-56.069409
-54.896979
-53.911440
-52.820077
-54.735628
-54.032089
-53.852575
-55.957539
-54.379575
-53.063344
-52.371823
-58.200981
-54.287341
-53.806775
-56.393741
-52.854285
-53.233189
-53.236986
-51.442173
-50.726158
-49.721785
-51.210535
-46.380637
-45.702237
-47.736775
-50.562049
-51.225857
-50.057163
-51.714048
-55.774494
-58.074797
-52.380556
-49.195459
-53.864390
-59.190989
-53.080142
-56.083186
-53.619992
-53.273472
-53.792339
-54.208057
-57.854570
-55.795088
-57.309458
-61.315332
-55.137071
-53.659849
-51.365208
-51.860136
-53.592827
-53.930454
-55.936817
-54.256115
-56.771708
-54.257954
-52.085947
-52.123477
-55.935978
-54.894697
-52.236625
-50.747610
-50.926998
-50.800221
-52.599600
-51.200936
-52.256112
-57.184123
-55.710936
-52.822354
-50.318282
-47.604570
-50.655066
