0.000000
-0.248690
-0.481754
-0.684547
-0.844328
-0.951057
-0.998027
-0.982287
-0.904827
-0.770513
-0.587785
-0.368125
-0.125333
0.125333
0.368125
0.587785
0.770513
0.904827
0.982287
0.998027
0.951057
0.844328
0.684547
0.481754
0.248690
0.000000
-0.248690
-0.481754
-0.684547
-0.844328
-0.951057
-0.998027
-0.982287
-0.904827
-0.770513
-0.587785
-0.368125
-0.125333
0.125333
0.368125
0.587785
0.770513
0.904827
0.982287
0.998027
0.951057
0.844328
0.684547
0.481754
0.248690
0.000000
0.248690
0.481754
0.684547
0.844328
0.951057
0.998027
0.982287
0.904827
0.770513
0.587785
0.368125
0.125333
-0.125333
-0.368125
-0.587785
-0.770513
-0.904827
-0.982287
-0.998027
-0.951057
-0.844328
-0.684547
-0.481754
-0.248690
-0.000000
0.248690
0.481754
0.684547
0.844328
0.951057
0.998027
0.982287
0.904827
0.770513
0.587785
0.368125
0.125333
-0.125333
-0.368125
-0.587785
-0.770513
-0.904827
-0.982287
-0.998027
-0.951057
-0.844328
-0.684547
-0.481754
-0.248690
-0.000000
0.248690
0.481754
0.684547
0.844328
0.951057
0.998027
0.982287
0.904827
0.770513
0.587785
0.368125
0.125333
-0.125333
-0.368125
-0.587785
-0.770513
-0.904827
-0.982287
-0.998027
-0.951057
-0.844328
-0.684547
-0.481754
-0.248690
-0.000000
0.248690
0.481754
0.684547
0.844328
0.951057
0.998027
0.982287
0.904827
0.770513
0.587785
0.368125
0.125333
-0.125333
-0.368125
-0.587785
-0.770513
-0.904827
-0.982287
-0.998027
-0.951057
-0.844328
-0.684547
-0.481754
-0.248690
-0.000000
-0.248690
-0.481754
-0.684547
-0.844328
-0.951057
-0.998027
-0.982287
-0.904827
-0.770513
-0.587785
-0.368125
-0.125333
0.125333
0.368125
0.587785
0.770513
0.904827
0.982287
0.998027
0.951057
0.844328
0.684547
0.481754
0.248690
0.000000
-0.248690
-0.481754
-0.684547
-0.844328
-0.951057
-0.998027
-0.982287
-0.904827
-0.770513
-0.587785
-0.368125
-0.125333
0.125333
0.368125
0.587785
0.770513
0.904827
0.982287
0.998027
0.951057
0.844328
0.684547
0.481754
0.248690
-0.000000
-0.248690
-0.481754
-0.684547
-0.844328
-0.951057
-0.998027
-0.982287
-0.904827
-0.770513
-0.587785
-0.368125
-0.125333
0.125333
0.368125
0.587785
0.770513
0.904827
0.982287
0.998027
0.951057
0.844328
0.684547
0.481754
0.248690
0.000000
-0.248690
-0.481754
-0.684547
-0.844328
-0.951057
-0.998027
-0.982287
-0.904827
-0.770513
-0.587785
-0.368125
-0.125333
0.125333
0.368125
0.587785
0.770513
0.904827
0.982287
0.998027
0.951057
0.844328
0.684547
0.481754
0.248690
-0.000000
0.248690
0.481754
0.684547
0.844328
0.951057
0.998027
0.982287
0.904827
0.770513
0.587785
0.368125
0.125333
-0.125333
-0.368125
-0.587785
-0.770513
-0.904827
-0.982287
-0.998027
-0.951057
-0.844328
-0.684547
-0.481754
-0.248690
0.000000
0.248690
0.481754
0.684547
0.844328
0.951057
0.998027
0.982287
0.904827
0.770513
0.587785
0.368125
0.125333
-0.125333
-0.368125
-0.587785
-0.770513
-0.904827
-0.982287
-0.998027
-0.951057
-0.844328
-0.684547
-0.481754
-0.248690
-0.000000
-0.248690
-0.481754
-0.684547
-0.844328
-0.951057
-0.998027
-0.982287
-0.904827
-0.770513
-0.587785
-0.368125
-0.125333
0.125333
0.368125
0.587785
0.770513
0.904827
0.982287
0.998027
0.951057
0.844328
0.684547
0.481754
0.248690
-0.000000
-0.248690
-0.481754
-0.684547
-0.844328
-0.951057
-0.998027
-0.982287
-0.904827
-0.770513
-0.587785
-0.368125
-0.125333
0.125333
0.368125
0.587785
0.770513
0.904827
0.982287
0.998027
0.951057
0.844328
0.684547
0.481754
0.248690
-0.000000
-0.248690
-0.481754
-0.684547
-0.844328
-0.951057
-0.998027
-0.982287
-0.904827
-0.770513
-0.587785
-0.368125
-0.125333
0.125333
0.368125
0.587785
0.770513
0.904827
0.982287
0.998027
0.951057
0.844328
0.684547
0.481754
0.248690
0.000000
-0.248690
-0.481754
-0.684547
-0.844328
-0.951057
-0.998027
-0.982287
-0.904827
-0.770513
-0.587785
-0.368125
-0.125333
0.125333
0.368125
0.587785
0.770513
0.904827
0.982287
0.998027
0.951057
0.844328
0.684547
0.481754
0.248690
0.000000
-0.248690
-0.481754
-0.684547
-0.844328
-0.951057
-0.998027
-0.982287
-0.904827
-0.770513
-0.587785
-0.368125
-0.125333
0.125333
0.368125
0.587785
0.770513
0.904827
0.982287
0.998027
0.951057
0.844328
0.684547
0.481754
0.248690
0.000000
-0.248690
-0.481754
-0.684547
-0.844328
-0.951057
-0.998027
-0.982287
-0.904827
-0.770513
-0.587785
-0.368125
-0.125333
0.125333
0.368125
0.587785
0.770513
0.904827
0.982287
0.998027
0.951057
0.844328
0.684547
0.481754
0.248690
0.000000
0.248690
0.481754
0.684547
0.844328
0.951057
0.998027
0.982287
0.904827
0.770513
0.587785
0.368125
0.125333
-0.125333
-0.368125
-0.587785
-0.770513
-0.904827
-0.982287
-0.998027
-0.951057
-0.844328
-0.684547
-0.481754
-0.248690
-0.000000
0.248690
0.481754
0.684547
0.844328
0.951057
0.998027
0.982287
0.904827
0.770513
0.587785
0.368125
0.125333
-0.125333
-0.368125
-0.587785
-0.770513
-0.904827
-0.982287
-0.998027
-0.951057
-0.844328
-0.684547
-0.481754
-0.248690
