-133.011360
8.138418
9.731321
15.148735
11.955525
15.287277
12.188970
15.619725
10.448320
9.114827
-127.000367
9.698985
11.633901
17.443558
14.712858
18.608679
16.228977
20.633332
16.918491
18.258150
16.989700
18.045549
16.493017
19.994440
15.375841
17.540193
13.427620
15.939863
9.909726
7.751973
-125.420638
6.713627
7.814985
12.750320
9.079079
11.931963
8.349270
11.285380
5.603985
3.739412
-128.515301
3.169189
4.461271
9.565572
6.045289
9.034034
5.574405
8.622622
3.043874
1.273715
-134.645966
0.871529
2.238806
7.413271
3.958647
7.008996
3.607308
6.710146
1.182997
-0.538322
-127.631660
-0.850201
0.558934
5.773286
2.356725
5.443446
2.076559
5.212735
-0.282442
-1.973063
-124.956335
-2.227051
-0.790581
4.450118
1.058974
4.170236
0.827061
3.986166
-1.486820
-3.155953
-124.105511
-3.368926
-1.912864
3.346856
-0.025809
3.103412
-0.222296
2.953806
-2.502635
-4.155652
-125.024725
-4.337611
-2.866615
2.407677
-0.950764
2.192350
-1.119785
2.069582
-3.373889
-5.014220
-123.354782
-5.171615
-3.688723
1.597221
-1.749803
1.404500
-1.896666
1.303459
-4.129458
-5.759433
-127.885193
-5.896684
-4.403991
0.891581
-2.445983
0.717618
-2.574407
0.634707
-4.789370
-6.410647
-119.774853
-6.530915
-5.029929
0.273809
-3.055712
0.115812
-3.168406
0.048401
-5.368092
-6.981892
-123.526935
-7.087516
-5.579357
-0.268541
-3.591078
-0.412660
-3.690073
-0.466547
-5.876404
-7.483651
-128.687002
-7.576404
-6.061924
-0.744861
-4.061222
-0.876699
-4.148075
-0.918578
-6.322530
-7.923935
-124.194271
-8.005190
-6.485049
-1.162383
-4.473198
-1.283183
-4.549121
-1.314239
-6.712857
-8.308978
-126.662785
-8.379809
-6.854527
-1.526766
-4.832530
-1.637508
-4.898481
-1.658675
-7.052410
-8.643688
-124.450837
-8.704948
-7.174937
-1.842482
-5.143588
-1.943943
-5.200327
-1.955965
-7.345176
-8.931962
-125.799056
-8.984330
-7.449917
-2.113090
-5.409852
-2.205890
-5.457984
-2.209359
-7.594332
-9.176905
-125.909387
-9.220921
-7.682368
-2.341424
-5.634091
-2.426055
-5.674098
-2.421442
-7.802404
-9.380987
-120.921313
-9.417079
-7.874593
-2.529732
-5.818500
-2.606584
-5.850761
-2.594257
-7.971387
-9.546153
-129.534445
-9.574655
-8.028395
-2.679775
-5.964797
-2.749148
-5.989605
-2.729392
-8.102826
-9.673907
-119.337556
-9.695073
-8.145161
-2.792899
-6.074289
-2.855016
-6.091859
-2.828042
-8.197879
-9.765372
-122.401213
-9.779384
-8.225906
-2.870085
-6.147922
-2.925103
-6.158406
-2.891054
-8.257361
-9.821329
-122.436999
-9.828306
-8.271317
-2.911988
-6.186321
-2.960001
-6.189806
-2.918958
-8.281773
