0.000000
0.000065
0.000262
0.000589
0.001047
0.001637
0.002359
0.003217
0.004217
0.005374
0.006715
0.008288
0.010175
0.012518
0.015555
0.019690
0.025605
0.034391
0.047406
0.064460
0.078459
0.077208
0.063528
0.050196
0.042482
0.040951
0.047021
0.067156
0.117374
0.162488
0.108696
0.070869
0.067587
0.104803
0.216982
0.151494
0.087897
0.106034
0.255122
0.169511
0.103006
0.196885
0.257619
0.119118
0.239134
0.232825
0.140857
0.419252
0.153320
0.325157
0.197843
0.279769
0.226396
0.315215
0.212985
0.467621
0.193255
0.537614
0.262002
0.251051
0.649448
0.279268
0.245380
0.538097
0.574382
