0.000000
0.000002
0.000004
0.000007
0.000009
0.000011
0.000014
0.000017
0.000019
0.000023
0.000026
0.000030
0.000035
0.000040
0.000046
0.000054
0.000063
0.000075
0.000090
0.000112
0.000144
0.000197
0.000304
0.000624
128.000012
0.000654
0.000334
0.000227
0.000174
0.000142
0.000120
0.000105
0.000093
0.000084
0.000077
0.000071
0.000066
0.000062
0.000059
0.000055
0.000053
0.000050
0.000048
0.000046
0.000044
0.000043
0.000041
0.000040
0.000039
0.000038
0.000037
0.000036
0.000035
0.000034
0.000033
0.000033
0.000032
0.000031
0.000031
0.000030
0.000030
0.000029
0.000000
0.000000
0.000000
0.000000
0.000000
0.000000
0.000000
0.000000
0.000000
0.000000
0.000000
0.000000
0.000000
0.000000
0.000000
0.000000
0.000000
0.000000
0.000000
0.000000
0.000000
0.000000
0.000000
0.000000
0.000000
0.000000
0.000000
0.000000
0.000000
0.000000
0.000000
0.000000
0.000000
0.000000
0.000000
0.000000
0.000000
0.000000
0.000000
0.000000
0.000000
0.000000
0.000000
0.000000
0.000000
0.000000
0.000000
0.000000
0.000000
0.000000
0.000000
0.000000
0.000000
0.000000
0.000000
0.000000
0.000000
0.000000
0.000000
0.000000
0.000000
0.000000
0.000000
0.000000
0.000000
