-145.074317
-56.658572
-53.624888
-51.824736
-50.519846
-49.478384
-48.596552
-47.818368
-47.109712
-46.447765
-45.815988
-45.201442
-44.593170
-43.981100
-43.355144
-42.704299
-42.015545
-41.272233
-40.451394
-39.518724
-38.418016
-37.045199
-35.168122
-32.048144
21.072100
-31.845531
-34.761853
-36.433020
-37.596496
-38.483166
-39.195713
-39.788797
-40.294960
-40.735128
-41.123539
-41.470309
-41.782874
-42.066858
-42.326610
-42.565561
-42.786462
-42.991553
-43.182678
-43.361374
-43.528933
-43.686452
-43.834872
-43.975000
-44.107538
-44.233099
-44.352219
-44.465373
-44.572979
-44.675412
-44.773005
-44.866056
-44.954836
-45.039586
-45.120527
-45.197859
-45.271763
-45.342406
0.000000
0.000000
0.000000
0.000000
0.000000
0.000000
0.000000
0.000000
0.000000
0.000000
0.000000
0.000000
0.000000
0.000000
0.000000
0.000000
0.000000
0.000000
0.000000
0.000000
0.000000
0.000000
0.000000
0.000000
0.000000
0.000000
0.000000
0.000000
0.000000
0.000000
0.000000
0.000000
0.000000
0.000000
0.000000
0.000000
0.000000
0.000000
0.000000
0.000000
0.000000
0.000000
0.000000
0.000000
0.000000
0.000000
0.000000
0.000000
0.000000
0.000000
0.000000
0.000000
0.000000
0.000000
0.000000
0.000000
0.000000
0.000000
0.000000
0.000000
0.000000
0.000000
0.000000
0.000000
0.000000
