0.000000
0.555570
0.923880
0.980785
0.707107
0.195090
-0.382683
-0.831470
-1.000000
-0.831470
-0.382683
0.195090
0.707107
0.980785
0.923880
0.555570
0.000000
-0.555570
-0.923880
-0.980785
-0.707107
-0.195090
0.382683
0.831470
1.000000
0.831470
0.382683
-0.195090
-0.707107
-0.980785
-0.923880
-0.555570
-0.000000
0.555570
0.923880
0.980785
0.707107
0.195090
-0.382683
-0.831470
-1.000000
-0.831470
-0.382683
0.195090
0.707107
0.980785
0.923880
0.555570
0.000000
-0.555570
-0.923880
-0.980785
-0.707107
-0.195090
0.382683
0.831470
1.000000
0.831470
0.382683
-0.195090
-0.707107
-0.980785
-0.923880
-0.555570
-0.000000
0.555570
0.923880
0.980785
0.707107
0.195090
-0.382683
-0.831470
-1.000000
-0.831470
-0.382683
0.195090
0.707107
0.980785
0.923880
0.555570
0.000000
-0.555570
-0.923880
-0.980785
-0.707107
-0.195090
0.382683
0.831470
1.000000
0.831470
0.382683
-0.195090
-0.707107
-0.980785
-0.923880
-0.555570
-0.000000
0.555570
0.923880
0.980785
0.707107
0.195090
-0.382683
-0.831470
-1.000000
-0.831470
-0.382683
0.195090
0.707107
0.980785
0.923880
0.555570
-0.000000
-0.555570
-0.923880
-0.980785
-0.707107
-0.195090
0.382683
0.831470
1.000000
0.831470
0.382683
-0.195090
-0.707107
-0.980785
-0.923880
-0.555570
-0.000000
0.555570
0.923880
0.980785
0.707107
0.195090
-0.382683
-0.831470
-1.000000
-0.831470
-0.382683
0.195090
0.707107
0.980785
0.923880
0.555570
0.000000
-0.555570
-0.923880
-0.980785
-0.707107
-0.195090
0.382683
0.831470
1.000000
0.831470
0.382683
-0.195090
-0.707107
-0.980785
-0.923880
-0.555570
-0.000000
0.555570
0.923880
0.980785
0.707107
0.195090
-0.382683
-0.831470
-1.000000
-0.831470
-0.382683
0.195090
0.707107
0.980785
0.923880
0.555570
0.000000
-0.555570
-0.923880
-0.980785
-0.707107
-0.195090
0.382683
0.831470
1.000000
0.831470
0.382683
-0.195090
-0.707107
-0.980785
-0.923880
-0.555570
-0.000000
0.555570
0.923880
0.980785
0.707107
0.195090
-0.382683
-0.831470
-1.000000
-0.831470
-0.382683
0.195090
0.707107
0.980785
0.923880
0.555570
0.000000
-0.555570
-0.923880
-0.980785
-0.707107
-0.195090
0.382683
0.831470
1.000000
0.831470
0.382683
-0.195090
-0.707107
-0.980785
-0.923880
-0.555570
0.000000
0.555570
0.923880
0.980785
0.707107
0.195090
-0.382683
-0.831470
-1.000000
-0.831470
-0.382683
0.195090
0.707107
0.980785
0.923880
0.555570
0.000000
-0.555570
-0.923880
-0.980785
-0.707107
-0.195090
0.382683
0.831470
1.000000
0.831470
0.382683
-0.195090
-0.707107
-0.980785
-0.923880
-0.555570
